### Problem Description
patched placeholder

### Your Incorrect Code
```cpp
#include <bits/stdc++.h>

using namespace std;
using ll = long long;
using vi = vector<int>;
#define all(v) v.begin(), v.end()
#define rall(v) v.rbegin(), v.rend()
#define fast ios_base::sync_with_stdio(0), cin.tie(0), cout.tie(0);
// freopen("equal.in", "r", stdin); freopen("output.txt", "w", stdout);
const int MOD = 1e9 + 7, N = 2e5 + 5;

void solve()
{
    int n;
    cin >> n;
    vector<ll> v(n);
    ll dp[n + 1][2];
    for (ll &x : v)
        cin >> x;
    for (int i = 0; i <= n; ++i)
    {
        dp[i][0] = dp[i][1] = -1;
    }
    dp[0][0] = dp[0][1] = 0;
    dp[1][1] = dp[1][0] = v[0];
    for (int i = 1; i < n; ++i)
    {
        dp[i + 1][0] = max(dp[i + 1][0], dp[i][1] + 2 * v[i]);
        dp[i + 1][1] = max(dp[i + 1][1], dp[i][0] + v[i]);
    }
    cout << max(dp[n][0], dp[n][1]) << '\n';
}

int main()
{
    fast;
    int t = 1;
    // cin >> t;
    while (t--)
        solve();
    return 0;
}
```

### Failing Case #1
Input:
```
3
1000000000 1 1000000000

```
Your Output:
```
3000000001

```
Expected Output:
```
3000000000

```
Error Analysis: Line 1: Got '3000000001', Expected '3000000000'
### Failing Case #2 (Alternative Size)
Input:
```
200000
1000000000 1 1000000000 1 1000000000 1 1000000000 1 1000000000 1 1000000000 1 1000000000 1 1000000000 1 1000000000 1 1000000000 1 1000000000 1 1000000000 1 1000000000 1 1000000000 1 1000000000 1 1000000000 1 1000000000 1 1000000000 1 1000000000 1 1000000000 1 1000000000 1 1000000000 1 1000000000 1 1000000000 1 1000000000 1 1000000000 1 1000000000 1 1000000000 1 1000000000 1 1000000000 1 1000000000 1 1000000000 1 1000000000 1 1000000000 1 1000000000 1 1000000000 1 1000000000 1 1000000000 1 1000000000 1 1000000000 1 1000000000 1 1000000000 1 1000000000 1 1000000000 1 1000000000 1 1000000000 1 1000000000 1 1000000000 1 1000000000 1 1000000000 1 1000000000 1 1000000000 1 1000000000 1 1000000000 1 1000000000 1 1000000000 1 1000000000 1 1000000000 1 1000000000 1 1000000000 1 1000000000 1 1000000000 1 1000000000 1 1000000000 1 1000000000 1 1000000000 1 1000000000 1 1000000000 1 1000000000 1 1000000000 1 1000000000 1 1000000000 1 1000000000 1 1000000000 1 1000000000 1 1000000000 1 1000000000 1 1000000000 1 1000000000 1 1000000000 1 1000000000 1 1000000000 1 1000000000 1 1000000000 1 1000000000 1 1000000000 1 1000000000 1 1000000000 1 1000000000 1 1000000000 1 1000000000 1 1000000000 1 1000000000 1 1000000000 1 1000000000 1 1000000000 1 1000000000 1 1000000000 1 1000000000 1 1000000000 1 1000000000 1 1000000000 1 1000000000 1 1000000000 1 1000000000 1 1000000000 1 1000000000 1 1000000000 1 1000000000 1 1000000000 1 1000000000 1 1000000000 1 1000000000 1 1000000000 1 1000000000 1 1000000000 1 1000000000 1 1000000000 1 1000000000 1 1000000000 1 1000000000 1 1000000000 1 1000000000 1 1000000000 1 1000000000 1 1000000000 1 1000000000 1 1000000000 1 1000000000 1 1000000000 1 1000000000 1 1000000000 1 1000000000 1 1000000000 1 1000000000 1 1000000000 1 1000000000 1 1000000000 1 1000000000 1 1000000000 1 1000000000 1 1000000000 1 1000000000 1 1000000000 1 1000000000 1 1000000000 1 1000000000 1 1000000000 1 1000000000 1 1000000000 1 1000000000 1 1000000000 1 1000000000 1 1000000000 1 1000000000 1 1000000000 1 1000000000 1 1000000000 1 1000000000 1 1000000000 1 1000000000 1 1000000000 1 1000000000 1 1000000000 1 1000000000 1 1000000000 1 1000000000 1 1000000000 1 1000000000 1 1000000000 1 1000000000 1 1000000000 1 1000000000 1 1000000000 1 1000000000 1 1000000000 1 1000000000 1 1000000000 1 1000000000 1 1000000000 1 1000000000 1 1000000000 1 1000000000 1 1000000000 1 1000000000 1 1000000000 1 1000000000 1 1000000000 1 1000000000 1 1000000000 1 1000000000 1 1000000000 1 1000000000 1 1000000000 1 1000000000 1 1000000000 1 1000000000 1 1000000000 1 1000000000 1 1000000000 1 1000000000 1 1000000000 1 1000000000 1 1000000000 1 1000000000 1 1000000000 1 1000000000 1 1000000000 1 1000000000 1 1000000000 1 1000000000 1 1000000000 1 1000000000 1 1000000000 1 1000000000 1 1000000000 1 1000000000 1 1000000000 1 1000000000 1 1000000000 1 1000000000 1 1000000000 1 1000000000 1 1000000000 1 1000000000 1 1000000000 1 1000000000 1 1000000000 1 1000000000 1 1000000000 1 1000000000 1 1000000000 1 1000000000 1 1000000000 1 1000000000 1 1000000000 1 1000000000 1 1000000000 1 1000000000 1 1000000000 1 1000000000 1 1000000000 1 1000000000 1 1000000000 1 1000000000 1 1000000000 1 1000000000 1 1000000000 1 1000000000 1 1000000000 1 1000000000 1 1000000000 1 1000000000 1 1000000000 1 1000000000 1 1000000000 1 1000000000 1 1000000000 1 1000000000 1 1000000000 1 1000000000 1 1000000000 1 1000000000 1 1000000000 1 1000000000 1 1000000000 1 1000000000 1 1000000000 1 1000000000 1 1000000000 1 1000000000 1 1000000000 1 1000000000 1 1000000000 1 1000000000 1 1000000000 1 1000000000 1 1000000000 1 1000000000 1 1000000000 1 1000000000 1 1000000000 1 1000000000 1 1000000000 1 1000000000 1 1000000000 1 1000000000 1 1000000000 1 1000000000 1 1000000000 1 1000000000 1 1000000000 1 1000000000 1 1000000000 1 1000000000 1 1000000000 1 1000000000 1 1000000000 1 1000000000 1 1000000000 1 1000000000 1 1000000000 1 1000000000 1 1000000000 1 1000000000 1 1000000000 1 1000000000 1 1000000000 1 1000000000 1 1000000000 1 1000000000 1 1000000000 1 1000000000 1 1000000000 1 1000000000 1 1000000000 1 1000000000 1 1000000000 1 1000000000 1 1000000000 1 1000000000 1 1000000000 1 1000000000 1 1000000000 1 1000000000 1 1000000000 1 1000000000 1 1000000000 1 1000000000 1 1000000000 1 1000000000 1 1000000000 1 1000000000 1 1000000000 1 1000000000 1 1000000000 1 1000000000 1 1000000000 1 1000000000 1 1000000000 1 1000000000 1 1000000000 1 1000000000 1 1000000000 1 1000000000 1 1000000000 1 1000000000 1 1000000000 1 1000000000 1 1000000000 1 1000000000 1 1000000000 1 1000000000 1 1000000000 1 1000000000 1 1000000000 1 1000000000 1 1000000000 1 1000000000 1 1000000000 1 1000000000 1 1000000000 1 1000000000 1 1000000000 1 1000000000 1 1000000000 1 1000000000 1 1000000000 1 1000000000 1 1000000000 1 1000000000 1 1000000000 1 1000000000 1 1000000000 1 1000000000 1 1000000000 1 1000000000 1 1000000000 1 1000000000 1 1000000000 1 1000000000 1 1000000000 1 1000000000 1 1000000000 1 1000000000 1 1000000000 1 1000000000 1 1000000000 1 1000000000 1 1000000000 1 1000000000 1 1000000000 1 1000000000 1 1000000000 1 1000000000 1 1000000000 1 1000000000 1 1000000000 1 1000000000 1 1000000000 1 1000000000 1 1000000000 1 1000000000 1 1000000000 1 1000000000 1 1000000000 1 1000000000 1 1000000000 1 1000000000 1 1000000000 1 1000000000 1 1000000000 1 1000000000 1 1000000000 1 1000000000 1 1000000000 1 1000000000 1 1000000000 1 1000000000 1 1000000000 1 1000000000 1 1000000000 1 1000000000 1 1000000000 1 1000000000 1 1000000000 1 1000000000 1 1000000000 1 1000000000 1 1000000000 1 1000000000 1 1000000000 1 1000000000 1 1000000000 1 1000000000 1 1000000000 1 1000000000 1 1000000000 1 1000000000 1 1000000000 1 1000000000 1 1000000000 1 1000000000 1 1000000000 1 1000000000 1 1000000000 1 1000000000 1 1000000000 1 1000000000 1 1000000000 1 1000000000 1 1000000000 1 1000000000 1 1000000000 1 1000000000 1 1000000000 1 1000000000 1 1000000000 1 1000000000 1 1000000000 1 1000000000 1 1000000000 1 1000000000 1 1000000000 1 1000000000 1 1000000000 1 1000000000 1 1000000000 1 1000000000 1 1000000000 1 1000000000 1 1000000000 1 1000000000 1 1000000000 1 1000000000 1 1000000000 1 1000000000 1 1000000000 1 1000000000 1 1000000000 1 1000000000 1 1000000000 1 1000000000 1 1000000000 1 1000000000 1 1000000000 1 1000000000 1 1000000000 1 1000000000 1 1000000000 1 1000000000 1 1000000000 1 1000000000 1 1000000000 1 1000000000 1 1000000000 1 1000000000 1 1000000000 1 1000000000 1 1000000000 1 1000000000 1 1000000000 1 1000000000 1 1000000000 1 1000000000 1 1000000000 1 1000000000 1 1000000000 1 1000000000 1 1000000000 1 1000000000 1 1000000000 1 1000000000 1 1000000000 1 1000000000 1 1000000000 1 1000000000 1 1000000000 1 1000000000 1 1000000000 1 1000000000 1 1000000000 1 1000000000 1 1000000000 1 1000000000 1 1000000000 1 1000000000 1 1000000000 1 1000000000 1 1000000000 1 1000000000 1 1000000000 1 1000000000 1 1000000000 1 1000000000 1 1000000000 1 1000000000 1 1000000000 1 1000000000 1 1000000000 1 1000000000 1 1000000000 1 1000000000 1 1000000000 1 1000000000 1 1000000000 1 1000000000 1 1000000000 1 1000000000 1 1000000000 1 1000000000 1 1000000000 1 1000000000 1 1000000000 1 1000000000 1 1000000000 1 1000000000 1 1000000000 1 1000000000 1 1000000000 1 1000000000 1 1000000000 1 1000000000 1 1000000000 1 1000000000 1 1000000000 1 1000000000 1 1000000000 1 1000000000 1 1000000000 1 1000000000 1 1000000000 1 1000000000 1 1000000000 1 1000000000 1 1000000000 1 1000000000 1 1000000000 1 1000000000 1 1000000000 1 1000000000 1 1000000000 1 1000000000 1 1000000000 1 1000000000 1 1000000000 1 1000000000 1 1000000000 1 1000000000 1 1000000000 1 1000000000 1 1000000000 1 1000000000 1 1000000000 1 1000000000 1 1000000000 1 1000000000 1 1000000000 1 1000000000 1 1000000000 1 1000000000 1 1000000000 1 1000000000 1 1000000000 1 1000000000 1 1000000000 1 1000000000 1 1000000000 1 1000000000 1 1000000000 1 1000000000 1 1000000000 1 1000000000 1 1000000000 1 1000000000 1 1000000000 1 1000000000 1 1000000000 1 1000000000 1 1000000000 1 1000000000 1 1000000000 1 1000000000 1 1000000000 1 1000000000 1 1000000000 1 1000000000 1 1000000000 1 1000000000 1 1000000000 1 1000000000 1 1000000000 1 1000000000 1 1000000000 1 1000000000 1 1000000000 1 1000000000 1 1000000000 1 1000000000 1 1000000000 1 1000000000 1 1000000000 1 1000000000 1 1000000000 1 1000000000 1 1000000000 1 1000000000 1 1000000000 1 1000000000 1 1000000000 1 1000000000 1 1000000000 1 1000000000 1 1000000000 1 1000000000 1 1000000000 1 1000000000 1 1000000000 1 1000000000 1 1000000000 1 1000000000 1 1000000000 1 1000000000 1 1000000000 1 1000000000 1 1000000000 1 1000000000 1 1000000000 1 1000000000 1 1000000000 1 1000000000 1 1000000000 1 1000000000 1 1000000000 1 1000000000 1 1000000000 1 1000000000 1 1000000000 1 1000000000 1 1000000000 1 1000000000 1 1000000000 1 1000000000 1 1000000000 1 1000000000 1 1000000000 1 1000000000 1 1000000000 1 1000000000 1 1000000000 1 1000000000 1 1000000000 1 1000000000 1 1000000000 1 1000000000 1 1000000000 1 1000000000 1 1000000000 1 1000000000 1 1000000000 1 1000000000 1 1000000000 1 1000000000 1 1000000000 1 1000000000 1 1000000000 1 1000000000 1 1000000000 1 1000000000 1 1000000000 1 1000000000 1 1000000000 1 1000000000 1 1000000000 1 1000000000 1 1000000000 1 1000000000 1 1000000000 1 1000000000 1 1000000000 1 1000000000 1 1000000000 1 1000000000 1 1000000000 1 1000000000 1 1000000000 1 1000000000 1 1000000000 1 1000000000 1 1000000000 1 1000000000 1 1000000000 1 1000000000 1 1000000000 1 1000000000 1 1000000000 1 1000000000 1 1000000000 1 1000000000 1 1000000000 1 1000000000 1 1000000000 1 1000000000 1 1000000000 1 1000000000 1 1000000000 1 1000000000 1 1000000000 1 1000000000 1 1000000000 1 1000000000 1 1000000000 1 1000000000 1 1000000000 1 1000000000 1 1000000000 1 1000000000 1 1000000000 1 1000000000 1 1000000000 1 1000000000 1 1000000000 1 1000000000 1 1000000000 1 1000000000 1 1000000000 1 1000000000 1 1000000000 1 1000000000 1 1000000000 1 1000000000 1 1000000000 1 1000000000 1 1000000000 1 1000000000 1 1000000000 1 1000000000 1 1000000000 1 1000000000 1 1000000000 1 1000000000 1 1000000000 1 1000000000 1 1000000000 1 1000000000 1 1000000000 1 1000000000 1 1000000000 1 1000000000 1 1000000000 1 1000000000 1 1000000000 1 1000000000 1 1000000000 1 1000000000 1 1000000000 1 1000000000 1 1000000000 1 1000000000 1 1000000000 1 1000000000 1 1000000000 1 1000000000 1 1000000000 1 1000000000 1 1000000000 1 1000000000 1 1000000000 1 1000000000 1 1000000000 1 1000000000 1 1000000000 1 1000000000 1 1000000000 1 1000000000 1 1000000000 1 1000000000 1 1000000000 1 1000000000 1 1000000000 1 1000000000 1 1000000000 1 1000000000 1 1000000000 1 1000000000 1 1000000000 1 1000000000 1 1000000000 1 1000000000 1 1000000000 1 1000000000 1 1000000000 1 1000000000 1 1000000000 1 1000000000 1 1000000000 1 1000000000 1 1000000000 1 1000000000 1 1000000000 1 1000000000 1 1000000000 1 1000000000 1 1000000000 1 1000000000 1 1000000000 1 1000000000 1 1000000000 1 1000000000 1 1000000000 1 1000000000 1 1000000000 1 1000000000 1 1000000000 1 1000000000 1 1000000000 1 1000000000 1 1000000000 1 1000000000 1 1000000000 1 1000000000 1 1000000000 1 1000000000 1 1000000000 1 1000000000 1 1000000000 1 1000000000 1 1000000000 1 1000000000 1 1000000000 1 1000000000 1 1000000000 1 1000000000 1 1000000000 1 1000000000 1 1000000000 1 1000000000 1 1000000000 1 1000000000 1 1000000000 1 1000000000 1 1000000000 1 1000000000 1 1000000000 1 1000000000 1 1000000000 1 1000000000 1 1000000000 1 1000000000 1 1000000000 1 1000000000 1 1000000000 1 1000000000 1 1000000000 1 1000000000 1 1000000000 1 1000000000 1 1000000000 1 1000000000 1 1000000000 1 1000000000 1 1000000000 1 1000000000 1 1000000000 1 1000000000 1 1000000000 1 1000000000 1 1000000000 1 1000000000 1 1000000000 1 1000000000 1 1000000000 1 1000000000 1 1000000000 1 1000000000 1 1000000000 1 1000000000 1 1000000000 1 1000000000 1 1000000000 1 1000000000 1 1000000000 1 1000000000 1 1000000000 1 1000000000 1 1000000000 1 1000000000 1 1000000000 1 1000000000 1 1000000000 1 1000000000 1 1000000000 1 1000000000 1 1000000000 1 1000000000 1 1000000000 1 1000000000 1 1000000000 1 1000000000 1 1000000000 1 1000000000 1 1000000000 1 1000000000 1 1000000000 1 1000000000 1 1000000000 1 1000000000 1 1000000000 1 1000000000 1 1000000000 1 1000000000 1 1000000000 1 1000000000 1 1000000000 1 1000000000 1 1000000000 1 1000000000 1 1000000000 1 1000000000 1 1000000000 1 1000000000 1 1000000000 1 1000000000 1 1000000000 1 1000000000 1 1000000000 1 1000000000 1 1000000000 1 1000000000 1 1000000000 1 1000000000 1 1000000000 1 1000000000 1 1000000000 1 1000000000 1 1000000000 1 1000000000 1 1000000000 1 1000000000 1 1000000000 1 1000000000 1 1000000000 1 1000000000 1 1000000000 1 1000000000 1 1000000000 1 1000000000 1 1000000000 1 1000000000 1 1000000000 1 1000000000 1 1000000000 1 1000000000 1 1000000000 1 1000000000 1 1000000000 1 1000000000 1 1000000000 1 1000000000 1 1000000000 1 1000000000 1 1000000000 1 1000000000 1 1000000000 1 1000000000 1 1000000000 1 1000000000 1 1000000000 1 1000000000 1 1000000000 1 1000000000 1 1000000000 1 1000000000 1 1000000000 1 1000000000 1 1000000000 1 1000000000 1 1000000000 1 1000000000 1 1000000000 1 1000000000 1 1000000000 1 1000000000 1 1000000000 1 1000000000 1 1000000000 1 1000000000 1 1000000000 1 1000000000 1 1000000000 1 1000000000 1 1000000000 1 1000000000 1 1000000000 1 1000000000 1 1000000000 1 1000000000 1 1000000000 1 1000000000 1 1000000000 1 1000000000 1 1000000000 1 1000000000 1 1000000000 1 1000000000 1 1000000000 1 1000000000 1 1000000000 1 1000000000 1 1000000000 1 1000000000 1 1000000000 1 1000000000 1 1000000000 1 1000000000 1 1000000000 1 1000000000 1 1000000000 1 1000000000 1 1000000000 1 1000000000 1 1000000000 1 1000000000 1 1000000000 1 1000000000 1 1000000000 1 1000000000 1 1000000000 1 1000000000 1 1000000000 1 1000000000 1 1000000000 1 1000000000 1 1000000000 1 1000000000 1 1000000000 1 1000000000 1 1000000000 1 1000000000 1 1000000000 1 1000000000 1 1000000000 1 1000000000 1 1000000000 1 1000000000 1 1000000000 1 1000000000 1 1000000000 1 1000000000 1 1000000000 1 1000000000 1 1000000000 1 1000000000 1 1000000000 1 1000000000 1 1000000000 1 1000000000 1 1000000000 1 1000000000 1 1000000000 1 1000000000 1 1000000000 1 1000000000 1 1000000000 1 1000000000 1 1000000000 1 1000000000 1 1000000000 1 1000000000 1 1000000000 1 1000000000 1 1000000000 1 1000000000 1 1000000000 1 1000000000 1 1000000000 1 1000000000 1 1000000000 1 1000000000 1 1000000000 1 1000000000 1 1000000000 1 1000000000 1 1000000000 1 1000000000 1 1000000000 1 1000000000 1 1000000000 1 1000000000 1 1000000000 1 1000000000 1 1000000000 1 1000000000 1 1000000000 1 1000000000 1 1000000000 1 1000000000 1 1000000000 1 1000000000 1 1000000000 1 1000000000 1 1000000000 1 1000000000 1 1000000000 1 1000000000 1 1000000000 1 1000000000 1 1000000000 1 1000000000 1 1000000000 1 1000000000 1 1000000000 1 1000000000 1 1000000000 1 1000000000 1 1000000000 1 1000000000 1 1000000000 1 1000000000 1 1000000000 1 1000000000 1 1000000000 1 1000000000 1 1000000000 1 1000000000 1 1000000000 1 1000000000 1 1000000000 1 1000000000 1 1000000000 1 1000000000 1 1000000000 1 1000000000 1 1000000000 1 1000000000 1 1000000000 1 1000000000 1 1000000000 1 1000000000 1 1000000000 1 1000000000 1 1000000000 1 1000000000 1 1000000000 1 1000000000 1 1000000000 1 1000000000 1 1000000000 1 1000000000 1 1000000000 1 1000000000 1 1000000000 1 1000000000 1 1000000000 1 1000000000 1 1000000000 1 1000000000 1 1000000000 1 1000000000 1 1000000000 1 1000000000 1 1000000000 1 1000000000 1 1000000000 1 1000000000 1 1000000000 1 1000000000 1 1000000000 1 1000000000 1 1000000000 1 1000000000 1 1000000000 1 1000000000 1 1000000000 1 1000000000 1 1000000000 1 1000000000 1 1000000000 1 1000000000 1 1000000000 1 1000000000 1 1000000000 1 1000000000 1 1000000000 1 1000000000 1 1000000000 1 1000000000 1 1000000000 1 1000000000 1 1000000000 1 1000000000 1 1000000000 1 1000000000 1 1000000000 1 1000000000 1 1000000000 1 1000000000 1 1000000000 1 1000000000 1 1000000000 1 1000000000 1 1000000000 1 1000000000 1 1000000000 1 1000000000 1 1000000000 1 1000000000 1 1000000000 1 1000000000 1 1000000000 1 1000000000 1 1000000000 1 1000000000 1 1000000000 1 1000000000 1 1000000000 1 1000000000 1 1000000000 1 1000000000 1 1000000000 1 1000000000 1 1000000000 1 1000000000 1 1000000000 1 1000000000 1 1000000000 1 1000000000 1 1000000000 1 1000000000 1 1000000000 1 1000000000 1 1000000000 1 1000000000 1 1000000000 1 1000000000 1 1000000000 1 1000000000 1 1000000000 1 1000000000 1 1000000000 1 1000000000 1 1000000000 1 1000000000 1 1000000000 1 1000000000 1 1000000000 1 1000000000 1 1000000000 1 1000000000 1 1000000000 1 1000000000 1 1000000000 1 1000000000 1 1000000000 1 1000000000 1 1000000000 1 1000000000 1 1000000000 1 1000000000 1 1000000000 1 1000000000 1 1000000000 1 1000000000 1 1000000000 1 1000000000 1 1000000000 1 1000000000 1 1000000000 1 1000000000 1 1000000000 1 1000000000 1 1000000000 1 1000000000 1 1000000000 1 1000000000 1 1000000000 1 1000000000 1 1000000000 1 1000000000 1 1000000000 1 1000000000 1 1000000000 1 1000000000 1 1000000000 1 1000000000 1 1000000000 1 1000000000 1 1000000000 1 1000000000 1 1000000000 1 1000000000 1 1000000000 1 1000000000 1 1000000000 1 1000000000 1 1000000000 1 1000000000 1 1000000000 1 1000000000 1 1000000000 1 1000000000 1 1000000000 1 1000000000 1 1000000000 1 1000000000 1 1000000000 1 1000000000 1 1000000000 1 1000000000 1 1000000000 1 1000000000 1 1000000000 1 1000000000 1 1000000000 1 1000000000 1 1000000000 1 1000000000 1 1000000000 1 1000000000 1 1000000000 1 1000000000 1 1000000000 1 1000000000 1 1000000000 1 1000000000 1 1000000000 1 1000000000 1 1000000000 1 1000000000 1 1000000000 1 1000000000 1 1000000000 1 1000000000 1 1000000000 1 1000000000 1 1000000000 1 1000000000 1 1000000000 1 1000000000 1 1000000000 1 1000000000 1 1000000000 1 1000000000 1 1000000000 1 1000000000 1 1000000000 1 1000000000 1 1000000000 1 1000000000 1 1000000000 1 1000000000 1 1000000000 1 1000000000 1 1000000000 1 1000000000 1 1000000000 1 1000000000 1 1000000000 1 1000000000 1 1000000000 1 1000000000 1 1000000000 1 1000000000 1 1000000000 1 1000000000 1 1000000000 1 1000000000 1 1000000000 1 1000000000 1 1000000000 1 1000000000 1 1000000000 1 1000000000 1 1000000000 1 1000000000 1 1000000000 1 1000000000 1 1000000000 1 1000000000 1 1000000000 1 1000000000 1 1000000000 1 1000000000 1 1000000000 1 1000000000 1 1000000000 1 1000000000 1 1000000000 1 1000000000 1 1000000000 1 1000000000 1 1000000000 1 1000000000 1 1000000000 1 1000000000 1 1000000000 1 1000000000 1 1000000000 1 1000000000 1 1000000000 1 1000000000 1 1000000000 1 1000000000 1 1000000000 1 1000000000 1 1000000000 1 1000000000 1 1000000000 1 1000000000 1 1000000000 1 1000000000 1 1000000000 1 1000000000 1 1000000000 1 1000000000 1 1000000000 1 1000000000 1 1000000000 1 1000000000 1 1000000000 1 1000000000 1 1000000000 1 1000000000 1 1000000000 1 1000000000 1 1000000000 1 1000000000 1 1000000000 1 1000000000 1 1000000000 1 1000000000 1 1000000000 1 1000000000 1 1000000000 1 1000000000 1 1000000000 1 1000000000 1 1000000000 1 1000000000 1 1000000000 1 1000000000 1 1000000000 1 1000000000 1 1000000000 1 1000000000 1 1000000000 1 1000000000 1 1000000000 1 1000000000 1 1000000000 1 1000000000 1 1000000000 1 1000000000 1 1000000000 1 1000000000 1 1000000000 1 1000000000 1 1000000000 1 1000000000 1 1000000000 1 1000000000 1 1000000000 1 1000000000 1 1000000000 1 1000000000 1 1000000000 1 1000000000 1 1000000000 1 1000000000 1 1000000000 1 1000000000 1 1000000000 1 1000000000 1 1000000000 1 1000000000 1 1000000000 1 1000000000 1 1000000000 1 1000000000 1 1000000000 1 1000000000 1 1000000000 1 1000000000 1 1000000000 1 1000000000 1 1000000000 1 1000000000 1 1000000000 1 1000000000 1 1000000000 1 1000000000 1 1000000000 1 1000000000 1 1000000000 1 1000000000 1 1000000000 1 1000000000 1 1000000000 1 1000000000 1 1000000000 1 1000000000 1 1000000000 1 1000000000 1 1000000000 1 1000000000 1 1000000000 1 1000000000 1 1000000000 1 1000000000 1 1000000000 1 1000000000 1 1000000000 1 1000000000 1 1000000000 1 1000000000 1 1000000000 1 1000000000 1 1000000000 1 1000000000 1 1000000000 1 1000000000 1 1000000000 1 1000000000 1 1000000000 1 1000000000 1 1000000000 1 1000000000 1 1000000000 1 1000000000 1 1000000000 1 1000000000 1 1000000000 1 1000000000 1 1000000000 1 1000000000 1 1000000000 1 1000000000 1 1000000000 1 1000000000 1 1000000000 1 1000000000 1 1000000000 1 1000000000 1 1000000000 1 1000000000 1 1000000000 1 1000000000 1 1000000000 1 1000000000 1 1000000000 1 1000000000 1 1000000000 1 1000000000 1 1000000000 1 1000000000 1 1000000000 1 1000000000 1 1000000000 1 1000000000 1 1000000000 1 1000000000 1 1000000000 1 1000000000 1 1000000000 1 1000000000 1 1000000000 1 1000000000 1 1000000000 1 1000000000 1 1000000000 1 1000000000 1 1000000000 1 1000000000 1 1000000000 1 1000000000 1 1000000000 1 1000000000 1 1000000000 1 1000000000 1 1000000000 1 1000000000 1 1000000000 1 1000000000 1 1000000000 1 1000000000 1 1000000000 1 1000000000 1 1000000000 1 1000000000 1 1000000000 1 1000000000 1 1000000000 1 1000000000 1 1000000000 1 1000000000 1 1000000000 1 1000000000 1 1000000000 1 1000000000 1 1000000000 1 1000000000 1 1000000000 1 1000000000 1 1000000000 1 1000000000 1 1000000000 1 1000000000 1 1000000000 1 1000000000 1 1000000000 1 1000000000 1 1000000000 1 1000000000 1 1000000000 1 1000000000 1 1000000000 1 1000000000 1 1000000000 1 1000000000 1 1000000000 1 1000000000 1 1000000000 1 1000000000 1 1000000000 1 1000000000 1 1000000000 1 1000000000 1 1000000000 1 1000000000 1 1000000000 1 1000000000 1 1000000000 1 1000000000 1 1000000000 1 1000000000 1 1000000000 1 1000000000 1 1000000000 1 1000000000 1 1000000000 1 1000000000 1 1000000000 1 1000000000 1 1000000000 1 1000000000 1 1000000000 1 1000000000 1 1000000000 1 1000000000 1 1000000000 1 1000000000 1 1000000000 1 1000000000 1 1000000000 1 1000000000 1 1000000000 1 1000000000 1 1000000000 1 1000000000 1 1000000000 1 1000000000 1 1000000000 1 1000000000 1 1000000000 1 1000000000 1 1000000000 1 1000000000 1 1000000000 1 1000000000 1 1000000000 1 1000000000 1 1000000000 1 1000000000 1 1000000000 1 1000000000 1 1000000000 1 1000000000 1 1000000000 1 1000000000 1 1000000000 1 1000000000 1 1000000000 1 1000000000 1 1000000000 1 1000000000 1 1000000000 1 1000000000 1 1000000000 1 1000000000 1 1000000000 1 1000000000 1 1000000000 1 1000000000 1 1000000000 1 1000000000 1 1000000000 1 1000000000 1 1000000000 1 1000000000 1 1000000000 1 1000000000 1 1000000000 1 1000000000 1 1000000000 1 1000000000 1 1000000000 1 1000000000 1 1000000000 1 1000000000 1 1000000000 1 1000000000 1 1000000000 1 1000000000 1 1000000000 1 1000000000 1 1000000000 1 1000000000 1 1000000000 1 1000000000 1 1000000000 1 1000000000 1 1000000000 1 1000000000 1 1000000000 1 1000000000 1 1000000000 1 1000000000 1 1000000000 1 1000000000 1 1000000000 1 1000000000 1 1000000000 1 1000000000 1 1000000000 1 1000000000 1 1000000000 1 1000000000 1 1000000000 1 1000000000 1 1000000000 1 1000000000 1 1000000000 1 1000000000 1 1000000000 1 1000000000 1 1000000000 1 1000000000 1 1000000000 1 1000000000 1 1000000000 1 1000000000 1 1000000000 1 1000000000 1 1000000000 1 1000000000 1 1000000000 1 1000000000 1 1000000000 1 1000000000 1 1000000000 1 1000000000 1 1000000000 1 1000000000 1 1000000000 1 1000000000 1 1000000000 1 1000000000 1 1000000000 1 1000000000 1 1000000000 1 1000000000 1 1000000000 1 1000000000 1 1000000000 1 1000000000 1 1000000000 1 1000000000 1 1000000000 1 1000000000 1 1000000000 1 1000000000 1 1000000000 1 1000000000 1 1000000000 1 1000000000 1 1000000000 1 1000000000 1 1000000000 1 1000000000 1 1000000000 1 1000000000 1 1000000000 1 1000000000 1 1000000000 1 1000000000 1 1000000000 1 1000000000 1 1000000000 1 1000000000 1 1000000000 1 1000000000 1 1000000000 1 1000000000 1 1000000000 1 1000000000 1 1000000000 1 1000000000 1 1000000000 1 1000000000 1 1000000000 1 1000000000 1 1000000000 1 1000000000 1 1000000000 1 1000000000 1 1000000000 1 1000000000 1 1000000000 1 1000000000 1 1000000000 1 1000000000 1 1000000000 1 1000000000 1 1000000000 1 1000000000 1 1000000000 1 1000000000 1 1000000000 1 1000000000 1 1000000000 1 1000000000 1 1000000000 1 1000000000 1 1000000000 1 1000000000 1 1000000000 1 1000000000 1 1000000000 1 1000000000 1 1000000000 1 1000000000 1 1000000000 1 1000000000 1 1000000000 1 1000000000 1 1000000000 1 1000000000 1 1000000000 1 1000000000 1 1000000000 1 1000000000 1 1000000000 1 1000000000 1 1000000000 1 1000000000 1 1000000000 1 1000000000 1 1000000000 1 1000000000 1 1000000000 1 1000000000 1 1000000000 1 1000000000 1 1000000000 1 1000000000 1 1000000000 1 1000000000 1 1000000000 1 1000000000 1 1000000000 1 1000000000 1 1000000000 1 1000000000 1 1000000000 1 1000000000 1 1000000000 1 1000000000 1 1000000000 1 1000000000 1 1000000000 1 1000000000 1 1000000000 1 1000000000 1 1000000000 1 1000000000 1 1000000000 1 1000000000 1 1000000000 1 1000000000 1 1000000000 1 1000000000 1 1000000000 1 1000000000 1 1000000000 1 1000000000 1 1000000000 1 1000000000 1 1000000000 1 1000000000 1 1000000000 1 1000000000 1 1000000000 1 1000000000 1 1000000000 1 1000000000 1 1000000000 1 1000000000 1 1000000000 1 1000000000 1 1000000000 1 1000000000 1 1000000000 1 1000000000 1 1000000000 1 1000000000 1 1000000000 1 1000000000 1 1000000000 1 1000000000 1 1000000000 1 1000000000 1 1000000000 1 1000000000 1 1000000000 1 1000000000 1 1000000000 1 1000000000 1 1000000000 1 1000000000 1 1000000000 1 1000000000 1 1000000000 1 1000000000 1 1000000000 1 1000000000 1 1000000000 1 1000000000 1 1000000000 1 1000000000 1 1000000000 1 1000000000 1 1000000000 1 1000000000 1 1000000000 1 1000000000 1 1000000000 1 1000000000 1 1000000000 1 1000000000 1 1000000000 1 1000000000 1 1000000000 1 1000000000 1 1000000000 1 1000000000 1 1000000000 1 1000000000 1 1000000000 1 1000000000 1 1000000000 1 1000000000 1 1000000000 1 1000000000 1 1000000000 1 1000000000 1 1000000000 1 1000000000 1 1000000000 1 1000000000 1 1000000000 1 1000000000 1 1000000000 1 1000000000 1 1000000000 1 1000000000 1 1000000000 1 1000000000 1 1000000000 1 1000000000 1 1000000000 1 1000000000 1 1000000000 1 1000000000 1 1000000000 1 1000000000 1 1000000000 1 1000000000 1 1000000000 1 1000000000 1 1000000000 1 1000000000 1 1000000000 1 1000000000 1 1000000000 1 1000000000 1 1000000000 1 1000000000 1 1000000000 1 1000000000 1 1000000000 1 1000000000 1 1000000000 1 1000000000 1 1000000000 1 1000000000 1 1000000000 1 1000000000 1 1000000000 1 1000000000 1 1000000000 1 1000000000 1 1000000000 1 1000000000 1 1000000000 1 1000000000 1 1000000000 1 1000000000 1 1000000000 1 1000000000 1 1000000000 1 1000000000 1 1000000000 1 1000000000 1 1000000000 1 1000000000 1 1000000000 1 1000000000 1 1000000000 1 1000000000 1 1000000000 1 1000000000 1 1000000000 1 1000000000 1 1000000000 1 1000000000 1 1000000000 1 1000000000 1 1000000000 1 1000000000 1 1000000000 1 1000000000 1 1000000000 1 1000000000 1 1000000000 1 1000000000 1 1000000000 1 1000000000 1 1000000000 1 1000000000 1 1000000000 1 1000000000 1 1000000000 1 1000000000 1 1000000000 1 1000000000 1 1000000000 1 1000000000 1 1000000000 1 1000000000 1 1000000000 1 1000000000 1 1000000000 1 1000000000 1 1000000000 1 1000000000 1 1000000000 1 1000000000 1 1000000000 1 1000000000 1 1000000000 1 1000000000 1 1000000000 1 1000000000 1 1000000000 1 1000000000 1 1000000000 1 1000000000 1 1000000000 1 1000000000 1 1000000000 1 1000000000 1 1000000000 1 1000000000 1 1000000000 1 1000000000 1 1000000000 1 1000000000 1 1000000000 1 1000000000 1 1000000000 1 1000000000 1 1000000000 1 1000000000 1 1000000000 1 1000000000 1 1000000000 1 1000000000 1 1000000000 1 1000000000 1 1000000000 1 1000000000 1 1000000000 1 1000000000 1 1000000000 1 1000000000 1 1000000000 1 1000000000 1 1000000000 1 1000000000 1 1000000000 1 1000000000 1 1000000000 1 1000000000 1 1000000000 1 1000000000 1 1000000000 1 1000000000 1 1000000000 1 1000000000 1 1000000000 1 1000000000 1 1000000000 1 1000000000 1 1000000000 1 1000000000 1 1000000000 1 1000000000 1 1000000000 1 1000000000 1 1000000000 1 1000000000 1 1000000000 1 1000000000 1 1000000000 1 1000000000 1 1000000000 1 1000000000 1 1000000000 1 1000000000 1 1000000000 1 1000000000 1 1000000000 1 1000000000 1 1000000000 1 1000000000 1 1000000000 1 1000000000 1 1000000000 1 1000000000 1 1000000000 1 1000000000 1 1000000000 1 1000000000 1 1000000000 1 1000000000 1 1000000000 1 1000000000 1 1000000000 1 1000000000 1 1000000000 1 1000000000 1 1000000000 1 1000000000 1 1000000000 1 1000000000 1 1000000000 1 1000000000 1 1000000000 1 1000000000 1 1000000000 1 1000000000 1 1000000000 1 1000000000 1 1000000000 1 1000000000 1 1000000000 1 1000000000 1 1000000000 1 1000000000 1 1000000000 1 1000000000 1 1000000000 1 1000000000 1 1000000000 1 1000000000 1 1000000000 1 1000000000 1 1000000000 1 1000000000 1 1000000000 1 1000000000 1 1000000000 1 1000000000 1 1000000000 1 1000000000 1 1000000000 1 1000000000 1 1000000000 1 1000000000 1 1000000000 1 1000000000 1 1000000000 1 1000000000 1 1000000000 1 1000000000 1 1000000000 1 1000000000 1 1000000000 1 1000000000 1 1000000000 1 1000000000 1 1000000000 1 1000000000 1 1000000000 1 1000000000 1 1000000000 1 1000000000 1 1000000000 1 1000000000 1 1000000000 1 1000000000 1 1000000000 1 1000000000 1 1000000000 1 1000000000 1 1000000000 1 1000000000 1 1000000000 1 1000000000 1 1000000000 1 1000000000 1 1000000000 1 1000000000 1 1000000000 1 1000000000 1 1000000000 1 1000000000 1 1000000000 1 1000000000 1 1000000000 1 1000000000 1 1000000000 1 1000000000 1 1000000000 1 1000000000 1 1000000000 1 1000000000 1 1000000000 1 1000000000 1 1000000000 1 1000000000 1 1000000000 1 1000000000 1 1000000000 1 1000000000 1 1000000000 1 1000000000 1 1000000000 1 1000000000 1 1000000000 1 1000000000 1 1000000000 1 1000000000 1 1000000000 1 1000000000 1 1000000000 1 1000000000 1 1000000000 1 1000000000 1 1000000000 1 1000000000 1 1000000000 1 1000000000 1 1000000000 1 1000000000 1 1000000000 1 1000000000 1 1000000000 1 1000000000 1 1000000000 1 1000000000 1 1000000000 1 1000000000 1 1000000000 1 1000000000 1 1000000000 1 1000000000 1 1000000000 1 1000000000 1 1000000000 1 1000000000 1 1000000000 1 1000000000 1 1000000000 1 1000000000 1 1000000000 1 1000000000 1 1000000000 1 1000000000 1 1000000000 1 1000000000 1 1000000000 1 1000000000 1 1000000000 1 1000000000 1 1000000000 1 1000000000 1 1000000000 1 1000000000 1 1000000000 1 1000000000 1 1000000000 1 1000000000 1 1000000000 1 1000000000 1 1000000000 1 1000000000 1 1000000000 1 1000000000 1 1000000000 1 1000000000 1 1000000000 1 1000000000 1 1000000000 1 1000000000 1 1000000000 1 1000000000 1 1000000000 1 1000000000 1 1000000000 1 1000000000 1 1000000000 1 1000000000 1 1000000000 1 1000000000 1 1000000000 1 1000000000 1 1000000000 1 1000000000 1 1000000000 1 1000000000 1 1000000000 1 1000000000 1 1000000000 1 1000000000 1 1000000000 1 1000000000 1 1000000000 1 1000000000 1 1000000000 1 1000000000 1 1000000000 1 1000000000 1 1000000000 1 1000000000 1 1000000000 1 1000000000 1 1000000000 1 1000000000 1 1000000000 1 1000000000 1 1000000000 1 1000000000 1 1000000000 1 1000000000 1 1000000000 1 1000000000 1 1000000000 1 1000000000 1 1000000000 1 1000000000 1 1000000000 1 1000000000 1 1000000000 1 1000000000 1 1000000000 1 1000000000 1 1000000000 1 1000000000 1 1000000000 1 1000000000 1 1000000000 1 1000000000 1 1000000000 1 1000000000 1 1000000000 1 1000000000 1 1000000000 1 1000000000 1 1000000000 1 1000000000 1 1000000000 1 1000000000 1 1000000000 1 1000000000 1 1000000000 1 1000000000 1 1000000000 1 1000000000 1 1000000000 1 1000000000 1 1000000000 1 1000000000 1 1000000000 1 1000000000 1 1000000000 1 1000000000 1 1000000000 1 1000000000 1 1000000000 1 1000000000 1 1000000000 1 1000000000 1 1000000000 1 1000000000 1 1000000000 1 1000000000 1 1000000000 1 1000000000 1 1000000000 1 1000000000 1 1000000000 1 1000000000 1 1000000000 1 1000000000 1 1000000000 1 1000000000 1 1000000000 1 1000000000 1 1000000000 1 1000000000 1 1000000000 1 1000000000 1 1000000000 1 1000000000 1 1000000000 1 1000000000 1 1000000000 1 1000000000 1 1000000000 1 1000000000 1 1000000000 1 1000000000 1 1000000000 1 1000000000 1 1000000000 1 1000000000 1 1000000000 1 1000000000 1 1000000000 1 1000000000 1 1000000000 1 1000000000 1 1000000000 1 1000000000 1 1000000000 1 1000000000 1 1000000000 1 1000000000 1 1000000000 1 1000000000 1 1000000000 1 1000000000 1 1000000000 1 1000000000 1 1000000000 1 1000000000 1 1000000000 1 1000000000 1 1000000000 1 1000000000 1 1000000000 1 1000000000 1 1000000000 1 1000000000 1 1000000000 1 1000000000 1 1000000000 1 1000000000 1 1000000000 1 1000000000 1 1000000000 1 1000000000 1 1000000000 1 1000000000 1 1000000000 1 1000000000 1 1000000000 1 1000000000 1 1000000000 1 1000000000 1 1000000000 1 1000000000 1 1000000000 1 1000000000 1 1000000000 1 1000000000 1 1000000000 1 1000000000 1 1000000000 1 1000000000 1 1000000000 1 1000000000 1 1000000000 1 1000000000 1 1000000000 1 1000000000 1 1000000000 1 1000000000 1 1000000000 1 1000000000 1 1000000000 1 1000000000 1 1000000000 1 1000000000 1 1000000000 1 1000000000 1 1000000000 1 1000000000 1 1000000000 1 1000000000 1 1000000000 1 1000000000 1 1000000000 1 1000000000 1 1000000000 1 1000000000 1 1000000000 1 1000000000 1 1000000000 1 1000000000 1 1000000000 1 1000000000 1 1000000000 1 1000000000 1 1000000000 1 1000000000 1 1000000000 1 1000000000 1 1000000000 1 1000000000 1 1000000000 1 1000000000 1 1000000000 1 1000000000 1 1000000000 1 1000000000 1 1000000000 1 1000000000 1 1000000000 1 1000000000 1 1000000000 1 1000000000 1 1000000000 1 1000000000 1 1000000000 1 1000000000 1 1000000000 1 1000000000 1 1000000000 1 1000000000 1 1000000000 1 1000000000 1 1000000000 1 1000000000 1 1000000000 1 1000000000 1 1000000000 1 1000000000 1 1000000000 1 1000000000 1 1000000000 1 1000000000 1 1000000000 1 1000000000 1 1000000000 1 1000000000 1 1000000000 1 1000000000 1 1000000000 1 1000000000 1 1000000000 1 1000000000 1 1000000000 1 1000000000 1 1000000000 1 1000000000 1 1000000000 1 1000000000 1 1000000000 1 1000000000 1 1000000000 1 1000000000 1 1000000000 1 1000000000 1 1000000000 1 1000000000 1 1000000000 1 1000000000 1 1000000000 1 1000000000 1 1000000000 1 1000000000 1 1000000000 1 1000000000 1 1000000000 1 1000000000 1 1000000000 1 1000000000 1 1000000000 1 1000000000 1 1000000000 1 1000000000 1 1000000000 1 1000000000 1 1000000000 1 1000000000 1 1000000000 1 1000000000 1 1000000000 1 1000000000 1 1000000000 1 1000000000 1 1000000000 1 1000000000 1 1000000000 1 1000000000 1 1000000000 1 1000000000 1 1000000000 1 1000000000 1 1000000000 1 1000000000 1 1000000000 1 1000000000 1 1000000000 1 1000000000 1 1000000000 1 1000000000 1 1000000000 1 1000000000 1 1000000000 1 1000000000 1 1000000000 1 1000000000 1 1000000000 1 1000000000 1 1000000000 1 1000000000 1 1000000000 1 1000000000 1 1000000000 1 1000000000 1 1000000000 1 1000000000 1 1000000000 1 1000000000 1 1000000000 1 1000000000 1 1000000000 1 1000000000 1 1000000000 1 1000000000 1 1000000000 1 1000000000 1 1000000000 1 1000000000 1 1000000000 1 1000000000 1 1000000000 1 1000000000 1 1000000000 1 1000000000 1 1000000000 1 1000000000 1 1000000000 1 1000000000 1 1000000000 1 1000000000 1 1000000000 1 1000000000 1 1000000000 1 1000000000 1 1000000000 1 1000000000 1 1000000000 1 1000000000 1 1000000000 1 1000000000 1 1000000000 1 1000000000 1 1000000000 1 1000000000 1 1000000000 1 1000000000 1 1000000000 1 1000000000 1 1000000000 1 1000000000 1 1000000000 1 1000000000 1 1000000000 1 1000000000 1 1000000000 1 1000000000 1 1000000000 1 1000000000 1 1000000000 1 1000000000 1 1000000000 1 1000000000 1 1000000000 1 1000000000 1 1000000000 1 1000000000 1 1000000000 1 1000000000 1 1000000000 1 1000000000 1 1000000000 1 1000000000 1 1000000000 1 1000000000 1 1000000000 1 1000000000 1 1000000000 1 1000000000 1 1000000000 1 1000000000 1 1000000000 1 1000000000 1 1000000000 1 1000000000 1 1000000000 1 1000000000 1 1000000000 1 1000000000 1 1000000000 1 1000000000 1 1000000000 1 1000000000 1 1000000000 1 1000000000 1 1000000000 1 1000000000 1 1000000000 1 1000000000 1 1000000000 1 1000000000 1 1000000000 1 1000000000 1 1000000000 1 1000000000 1 1000000000 1 1000000000 1 1000000000 1 1000000000 1 1000000000 1 1000000000 1 1000000000 1 1000000000 1 1000000000 1 1000000000 1 1000000000 1 1000000000 1 1000000000 1 1000000000 1 1000000000 1 1000000000 1 1000000000 1 1000000000 1 1000000000 1 1000000000 1 1000000000 1 1000000000 1 1000000000 1 1000000000 1 1000000000 1 1000000000 1 1000000000 1 1000000000 1 1000000000 1 1000000000 1 1000000000 1 1000000000 1 1000000000 1 1000000000 1 1000000000 1 1000000000 1 1000000000 1 1000000000 1 1000000000 1 1000000000 1 1000000000 1 1000000000 1 1000000000 1 1000000000 1 1000000000 1 1000000000 1 1000000000 1 1000000000 1 1000000000 1 1000000000 1 1000000000 1 1000000000 1 1000000000 1 1000000000 1 1000000000 1 1000000000 1 1000000000 1 1000000000 1 1000000000 1 1000000000 1 1000000000 1 1000000000 1 1000000000 1 1000000000 1 1000000000 1 1000000000 1 1000000000 1 1000000000 1 1000000000 1 1000000000 1 1000000000 1 1000000000 1 1000000000 1 1000000000 1 1000000000 1 1000000000 1 1000000000 1 1000000000 1 1000000000 1 1000000000 1 1000000000 1 1000000000 1 1000000000 1 1000000000 1 1000000000 1 1000000000 1 1000000000 1 1000000000 1 1000000000 1 1000000000 1 1000000000 1 1000000000 1 1000000000 1 1000000000 1 1000000000 1 1000000000 1 1000000000 1 1000000000 1 1000000000 1 1000000000 1 1000000000 1 1000000000 1 1000000000 1 1000000000 1 1000000000 1 1000000000 1 1000000000 1 1000000000 1 1000000000 1 1000000000 1 1000000000 1 1000000000 1 1000000000 1 1000000000 1 1000000000 1 1000000000 1 1000000000 1 1000000000 1 1000000000 1 1000000000 1 1000000000 1 1000000000 1 1000000000 1 1000000000 1 1000000000 1 1000000000 1 1000000000 1 1000000000 1 1000000000 1 1000000000 1 1000000000 1 1000000000 1 1000000000 1 1000000000 1 1000000000 1 1000000000 1 1000000000 1 1000000000 1 1000000000 1 1000000000 1 1000000000 1 1000000000 1 1000000000 1 1000000000 1 1000000000 1 1000000000 1 1000000000 1 1000000000 1 1000000000 1 1000000000 1 1000000000 1 1000000000 1 1000000000 1 1000000000 1 1000000000 1 1000000000 1 1000000000 1 1000000000 1 1000000000 1 1000000000 1 1000000000 1 1000000000 1 1000000000 1 1000000000 1 1000000000 1 1000000000 1 1000000000 1 1000000000 1 1000000000 1 1000000000 1 1000000000 1 1000000000 1 1000000000 1 1000000000 1 1000000000 1 1000000000 1 1000000000 1 1000000000 1 1000000000 1 1000000000 1 1000000000 1 1000000000 1 1000000000 1 1000000000 1 1000000000 1 1000000000 1 1000000000 1 1000000000 1 1000000000 1 1000000000 1 1000000000 1 1000000000 1 1000000000 1 1000000000 1 1000000000 1 1000000000 1 1000000000 1 1000000000 1 1000000000 1 1000000000 1 1000000000 1 1000000000 1 1000000000 1 1000000000 1 1000000000 1 1000000000 1 1000000000 1 1000000000 1 1000000000 1 1000000000 1 1000000000 1 1000000000 1 1000000000 1 1000000000 1 1000000000 1 1000000000 1 1000000000 1 1000000000 1 1000000000 1 1000000000 1 1000000000 1 1000000000 1 1000000000 1 1000000000 1 1000000000 1 1000000000 1 1000000000 1 1000000000 1 1000000000 1 1000000000 1 1000000000 1 1000000000 1 1000000000 1 1000000000 1 1000000000 1 1000000000 1 1000000000 1 1000000000 1 1000000000 1 1000000000 1 1000000000 1 1000000000 1 1000000000 1 1000000000 1 1000000000 1 1000000000 1 1000000000 1 1000000000 1 1000000000 1 1000000000 1 1000000000 1 1000000000 1 1000000000 1 1000000000 1 1000000000 1 1000000000 1 1000000000 1 1000000000 1 1000000000 1 1000000000 1 1000000000 1 1000000000 1 1000000000 1 1000000000 1 1000000000 1 1000000000 1 1000000000 1 1000000000 1 1000000000 1 1000000000 1 1000000000 1 1000000000 1 1000000000 1 1000000000 1 1000000000 1 1000000000 1 1000000000 1 1000000000 1 1000000000 1 1000000000 1 1000000000 1 1000000000 1 1000000000 1 1000000000 1 1000000000 1 1000000000 1 1000000000 1 1000000000 1 1000000000 1 1000000000 1 1000000000 1 1000000000 1 1000000000 1 1000000000 1 1000000000 1 1000000000 1 1000000000 1 1000000000 1 1000000000 1 1000000000 1 1000000000 1 1000000000 1 1000000000 1 1000000000 1 1000000000 1 1000000000 1 1000000000 1 1000000000 1 1000000000 1 1000000000 1 1000000000 1 1000000000 1 1000000000 1 1000000000 1 1000000000 1 1000000000 1 1000000000 1 1000000000 1 1000000000 1 1000000000 1 1000000000 1 1000000000 1 1000000000 1 1000000000 1 1000000000 1 1000000000 1 1000000000 1 1000000000 1 1000000000 1 1000000000 1 1000000000 1 1000000000 1 1000000000 1 1000000000 1 1000000000 1 1000000000 1 1000000000 1 1000000000 1 1000000000 1 1000000000 1 1000000000 1 1000000000 1 1000000000 1 1000000000 1 1000000000 1 1000000000 1 1000000000 1 1000000000 1 1000000000 1 1000000000 1 1000000000 1 1000000000 1 1000000000 1 1000000000 1 1000000000 1 100
```
Error: Line 1: Got '199999000100000', Expected '199999000099999'

### Your Task
Fix the C++ code to pass ALL test cases (including hidden ones).

### Critical Guidelines
1. Focus on algorithmic correctness - NO hard-coded values or special cases
2. Ensure proper data structures and complexity (aim for O(N log N) or better when possible)
3. Handle edge cases (empty input, single elements, max constraints)
4. Use standard C++20 features; avoid non-portable code

### Output Format
Provide ONLY the complete fixed C++ code in a single ```cpp block.
