-1
-1
0
-1
-1
-1
-1
-1
-1
-1
-1
-1
-1
-1
-1
898
-1
-1
-1
-1
1740
-1
1387
-1
-1
-1
-1
-1
-1
-1
-1
1621
-1
1290
-1
-1
-1
-1
-1
-1
965
-1
-1
-1
-1
-1
-1
-1
-1
104
-1
-1
363
370
-1
-1
-1
-1
-1
-1
-1
-1
1384
-1
1621
-1
-1
1699
-1
-1
-1
-1
-1
-1
1405
-1
-1
1419
-1
-1
1419
-1
1515
1797
-1
-1
-1
-1
-1
-1
-1
-1
-1
-1
-1
-1
-1
-1
718
-1
-1
-1
-1
-1
1314
-1
1371
-1
1549
1699
1569
1132
-1
367
-1
-1
1195
-1
-1
-1
-1
-1
1342
1612
-1
1419
-1
-1
-1
-1
-1
1405
-1
-1
62
1612
-1
-1
-1
-1
-1
1068
1569
-1
-1
1405
-1
-1
-1
960
-1
-1
-1
-1
-1
896
1569
-1
1205
-1
-1
1191
1569
-1
-1
-1
-1
993
-1
1621
1041
-1
-1
-1
-1
1699
1822
-1
-1
1754
-1
-1
-1
-1
-1
-1
1476
-1
-1
1895
-1
-1
-1
1699
-1
-1
-1
1754
-1
-1
1621
-1
-1
-1
-1
-1
-1
1476
-1
-1
-1
1476
-1
1605
-1
-1
-1
-1
-1
-1
1770
141
-1
1569
-1
-1
-1
-1
-1
-1
1192
-1
-1
1800
1310
-1
-1
1754
1554
-1
-1
-1
-1
-1
-1
1797
-1
-1
-1
-1
1569
-1
-1
-1
-1
-1
-1
-1
-1
-1
1612
-1
1612
-1
-1
-1
-1
-1
-1
-1
-1
1048
-1
-1
1770
-1
-1
-1
1638
-1
-1
-1
-1
-1
-1
-1
1797
-1
-1
-1
-1
-1
-1
-1
-1
-1
-1
-1
-1
-1
-1
-1
1800
449
-1
-1
1699
1770
-1
-1
-1
-1
1582
-1
1754
-1
346
1425
-1
-1
-1
-1
1621
-1
-1
-1
-1
-1
-1
-1
-1
1770
1150
-1
-1
-1
1857
92
-1
-1
1621
-1
1857
1800
-1
-1
-1
909
-1
1858
-1
1612
234
1754
-1
-1
-1
-1
-1
-1
1858
-1
-1
-1
-1
-1
1643
1858
1800
250
1699
-1
-1
-1
-1
-1
-1
1699
1770
-1
1820
-1
-1
650
864
-1
-1
-1
-1
-1
-1
-1
-1
-1
1656
579
-1
-1
-1
-1
-1
-1
-1
1797
-1
-1
1797
-1
-1
-1
-1
-1
-1
-1
-1
1396
-1
-1
-1
-1
-1
-1
165
344
1699
1778
-1
-1
-1
733
-1
-1
-1
-1
-1
-1
-1
1853
-1
-1
-1
-1
-1
-1
-1
-1
-1
318
1770
-1
-1
1190
-1
-1
-1
-1
-1
-1
1814
1857
1754
1800
1382
-1
-1
-1
1858
-1
-1
1853
-1
-1
-1
-1
1204
937
1754
1800
-1
-1
1857
-1
-1
-1
-1
1662
-1
1853
-1
-1
1800
-1
-1
1800
1800
-1
-1
-1
-1
-1
-1
-1
1754
-1
-1
-1
-1
-1
-1
1449
-1
-1
-1
1812
-1
-1
-1
-1
-1
-1
243
-1
-1
258
-1
-1
-1
-1
-1
1778
1800
-1
-1
-1
1812
1857
-1
-1
-1
-1
1814
-1
-1
-1
-1
-1
-1
-1
176
-1
-1
-1
-1
-1
-1
1812
1812
1442
-1
-1
1804
-1
-1
-1
1804
-1
-1
1795
-1
1857
-1
1797
-1
-1
1858
1853
904
-1
-1
-1
-1
-1
-1
-1
-1
-1
-1
-1
-1
1800
-1
-1
1853
1639
-1
1797
-1
-1
-1
1318
-1
-1
-1
536
-1
1800
-1
-1
-1
1812
1857
1853
1873
-1
415
1858
1853
-1
-1
1858
-1
-1
1857
-1
1818
-1
1898
-1
-1
177
-1
-1
-1
-1
-1
-1
-1
-1
-1
-1
-1
-1
-1
-1
-1
-1
-1
1879
-1
-1
-1
-1
-1
-1
1853
-1
1346
-1
-1
-1
1817
1875
-1
1898
-1
-1
-1
1858
-1
-1
-1
-1
1875
-1
-1
-1
-1
-1
-1
-1
-1
-1
-1
-1
1711
-1
-1
1861
-1
1875
-1
-1
1861
1853
-1
26
-1
-1
1875
-1
1861
-1
1861
1775
375
1562
-1
1879
-1
1873
-1
-1
-1
-1
-1
1898
-1
-1
1672
-1
-1
1861
1873
-1
-1
624
1871
-1
-1
1376
-1
622
1857
-1
-1
-1
1861
1898
899
-1
1898
-1
79
-1
-1
-1
-1
-1
481
-1
-1
-1
1242
-1
1851
-1
-1
-1
-1
1882
1871
-1
-1
1858
-1
-1
-1
1378
-1
1879
1879
-1
1875
-1
1879
-1
1875
650
-1
-1
-1
1878
1878
-1
-1
-1
1861
-1
1768
-1
-1
-1
1876
-1
-1
-1
-1
-1
1639
-1
1871
1876
-1
-1
-1
-1
1875
433
1875
-1
-1
1871
1875
1871
-1
1876
-1
1875
-1
1875
-1
-1
-1
-1
518
-1
-1
138
-1
1871
-1
-1
1119
109
-1
-1
-1
-1
-1
1873
-1
1879
-1
491
-1
1820
-1
-1
-1
1882
-1
-1
1876
-1
612
1875
100
-1
1879
1691
1878
1879
-1
1882
-1
376
-1
-1
1878
-1
-1
-1
-1
-1
1878
1882
1872
-1
-1
-1
-1
-1
-1
-1
220
-1
-1
1875
1872
1339
-1
1875
-1
-1
-1
-1
1878
-1
-1
-1
1882
-1
-1
1876
-1
-1
1873
1876
-1
-1
1876
-1
1882
773
-1
-1
1453
1875
1876
-1
-1
1882
-1
-1
-1
1256
-1
-1
-1
663
722
-1
-1
1898
1882
-1
1879
-1
1882
-1
-1
1873
