### Problem Description
Score : 475 points

### Problem Statement

There is an undirected graph with N vertices and 0 edges. The vertices are numbered 1 to N.

You are given Q queries to process in order. Each query is of one of the following two types:

* Type 1: Given in the format `1 u v`. Add an edge between vertices u and v.
* Type 2: Given in the format `2 v k`. Print the k-th largest vertex number among the vertices connected to vertex v. If there are fewer than k vertices connected to v, print `-1`.

### Constraints

* 1 \leq N, Q \leq 2 \times 10^5
* In a Type 1 query, 1 \leq u < v \leq N.
* In a Type 2 query, 1 \leq v \leq N, 1 \leq k \leq 10.
* All input values are integers.

---

### Input

The input is given from Standard Input in the following format:

```
N Q
\mathrm{query}_1
\mathrm{query}_2
\vdots
\mathrm{query}_Q

```

Here, \mathrm{query}\_i is the i-th query and is given in one of the following formats:

```
1 u v

```

```
2 v k

```

### Output

Let q be the number of Type 2 queries. Print q lines.
The i-th line should contain the answer to the i-th Type 2 query.

---

### Your Incorrect Code
```cpp
#include<bits/stdc++.h>
using namespace std;
int as[200005][60];
int fa[200005];
int n,q;
int gtf(int x)
{
	int ret;
	ret=x;
	while(fa[ret]!=ret)ret=fa[ret];
	int l,t;
	t=x;
	while(fa[t]!=t)
	{
		l=t;
		t=fa[t];
		fa[l]=ret;
	}
	return ret;
}
bool cmp(int x,int y)
{
	return x>y;
}
int main()
{
	cin>>q>>n;
	for(int i=1;i<=n;i++)
	{
		fa[i]=i;
		as[i][0]=i;
		for(int j=1;j<20;j++)as[i][j]=-1;
	}
	int op,ix,iy;
	for(int i=0;i<n;i++)
	{
		cin>>op>>ix>>iy;
		//printf("%d %d %d\n",op,ix,iy);
		if(op==1)
		{
			if(gtf(ix)!=gtf(iy))
			{
				for(int i=0;i<20;i++)as[gtf(ix)][i+20]=as[gtf(iy)][i];
				sort(as[gtf(ix)],as[gtf(ix)]+40,cmp);
				fa[gtf(iy)]=gtf(ix);
			}
			
		}
		else
		{
			//for(int j=0;j<10;j++)cout<<as[gtf(ix)][j]<<";";
			//cout<<"\n";
			cout<<as[gtf(ix)][iy-1]<<"\n";
		}
		/*
		for(int j=1;j<=n;j++)
		{
			if(fa[j]==j)
			{
				cout<<j<<":";
				for(int k=0;k<10;k++)
				{
					cout<<as[j][k]<<" ";
				}
				cout<<"\n";
			}
		}
		*/
		//for(int j=1;j<=n;j++)cout<<fa[j]<<",";
		//cout<<"\n";
	}
	//while(1);
	return 0;
}

```

### Failing Case
Input:
```
2178 1902
1 1090 1706
2 1504 6
2 1273 8
1 810 2096
1 1290 2057
2 1975 8
1 1371 2011
2 1297 2
1 965 2127
2 33 4
1 252 550
1 977 1557
2 1149 3
2 789 2
2 126 9
2 425 6
2 372 6
2 349 10
1 1621 1936
1 325 1472
1 236 1199
2 843 2
2 311 3
2 1606 4
1 1107 2088
2 993 4
2 898 1
2 799 5
1 421 1122
2 850 7
2 21 3
2 1390 6
2 1740 1
1 368 1135
2 1671 10
1 782 1366
2 1387 1
2 367 8
1 545 1551
2 1743 9
2 1231 2
1 457 905
2 864 9
1 1054 2027
1 974 1812
2 1802 10
1 1146 1444
2 1361 5
2 170 4
1 1060 1213
1 86 1224
1 264 1405
1 1569 2025
2 254 2
1 304 1346
2 1964 1
2 931 4
2 2128 4
2 728 10
2 520 10
1 1100 1741
1 1183 1799
1 1163 1877
1 1364 1556
2 87 7
2 1186 8
1 488 873
2 230 6
1 143 1539
2 987 8
1 718 1676
1 207 392
2 2026 7
1 30 127
2 1077 7
1 752 1725
1 588 593
1 648 1699
1 707 1821
2 1341 8
1 315 633
1 4 1560
1 952 1805
1 75 2097
1 122 1270
2 1327 9
1 622 1282
2 587 6
1 768 1037
2 1119 10
2 327 8
1 130 1268
2 1591 6
1 352 1758
2 438 9
2 104 1
2 354 7
2 699 2
2 363 1
2 370 1
1 380 1281
1 155 427
1 1419 2044
1 714 2099
2 262 7
1 192 254
2 1508 9
2 1144 3
1 201 1195
2 1032 8
1 873 1576
1 45 650
1 805 1029
1 367 1897
2 1403 7
1 376 1670
2 1434 8
1 763 1097
1 503 647
2 567 8
2 1122 8
1 1131 1341
2 1384 1
1 340 765
2 1592 10
2 2040 1
1 1612 2169
1 501 1831
2 1653 4
2 1012 2
1 1699 2042
1 1405 1621
2 2047 1
2 369 10
1 1136 1645
1 1797 1991
1 289 1068
2 896 2
1 570 1938
2 547 10
2 1074 6
1 956 1807
2 1216 5
2 126 3
2 1926 7
2 1111 9
2 1214 8
1 687 1736
2 2092 6
2 1773 10
1 662 1213
2 1849 7
1 103 1854
2 2127 6
2 1730 5
2 1515 1
2 2051 1
1 971 974
2 536 10
2 341 5
2 80 3
2 607 8
2 1787 7
2 1393 2
1 400 575
1 1315 1560
2 1672 7
1 590 927
1 41 401
2 393 3
1 1222 1799
1 106 585
2 501 4
2 802 3
2 101 3
2 1806 2
2 808 4
1 644 2014
2 831 7
1 54 2119
2 718 2
2 1402 5
2 618 4
1 353 2137
1 1342 1975
2 1193 3
2 1678 3
2 47 6
2 1314 1
2 1692 6
2 1990 8
2 521 2
2 1549 1
1 57 1225
2 2018 2
1 675 938
2 1997 5
1 1152 1162
2 1132 1
2 746 5
1 432 676
1 399 1817
2 1897 2
1 1160 1656
2 1562 6
1 776 1599
2 124 6
2 201 1
1 18 1924
1 1693 1742
1 1205 1639
2 795 9
1 572 1152
1 909 1589
1 176 1148
1 506 737
2 1079 4
1 519 932
2 395 3
2 1867 6
1 249 262
1 281 1594
1 286 529
1 20 924
1 149 1331
2 549 7
1 307 1641
1 112 1858
2 1906 9
1 1155 1216
2 2160 4
2 1213 7
1 604 889
1 357 668
2 2157 6
2 1373 6
2 1679 2
2 706 3
1 230 1926
2 284 4
2 1203 2
2 2116 7
2 929 9
1 210 1854
2 393 5
2 62 1
1 880 1862
2 2105 4
2 129 8
2 1063 10
1 1567 1630
2 1331 7
2 162 4
1 120 370
1 1374 1804
1 712 1953
2 1855 9
1 1277 1814
2 289 1
2 712 5
1 725 899
1 262 1691
2 415 3
1 754 1931
2 533 9
1 1554 2160
1 627 857
1 297 867
1 1171 1659
2 2117 8
2 144 6
1 360 1182
2 1854 9
1 1568 1662
2 922 2
2 960 1
2 1331 10
2 1529 3
1 41 1778
1 118 844
2 288 5
2 1892 4
2 248 8
1 1754 1971
1 756 958
2 896 1
2 1930 6
2 172 6
1 1287 1523
2 1205 2
1 253 1251
2 1839 8
2 1778 9
1 1090 1460
1 245 593
2 1191 1
1 923 2093
2 2142 6
2 586 9
1 165 650
1 298 1771
2 641 10
1 522 904
2 1284 3
1 1307 2136
2 1701 5
2 993 1
1 958 1349
1 780 1795
1 1261 1738
1 386 594
2 1168 8
1 85 129
2 2065 4
1 224 488
1 421 2059
2 1041 1
2 1611 4
2 122 5
2 1352 7
2 257 10
2 2138 3
2 1822 1
2 26 2
2 623 7
1 1406 1458
1 1770 1974
2 1904 3
1 104 523
1 696 1699
2 1392 6
1 155 284
2 511 9
1 471 2160
2 1591 2
1 1476 2172
1 229 2148
1 533 1176
2 152 2
2 1525 2
1 433 937
2 440 3
1 1430 1716
2 2038 9
2 1305 5
2 1009 5
2 1895 1
2 1261 3
1 914 1635
2 1225 9
2 1223 5
1 33 1676
2 1923 4
1 26 158
1 656 767
2 461 6
2 1628 6
1 618 2026
1 1358 1469
1 1275 1912
2 1798 9
1 1530 2052
1 108 2016
1 1142 1878
1 441 2050
1 158 546
1 437 1044
2 54 3
1 1073 1856
2 1356 5
2 599 10
2 2141 5
2 481 4
2 338 5
2 89 2
2 343 4
2 1668 4
1 581 929
2 931 8
2 471 10
2 1708 2
1 171 533
2 666 10
2 1356 7
2 1985 10
1 234 980
1 452 477
1 35 1707
2 852 7
2 1605 1
2 1270 10
1 343 1773
1 318 413
1 48 531
2 597 4
1 162 2094
2 1366 9
2 687 7
1 292 1939
1 43 530
2 1253 2
2 1010 5
2 1569 2
1 421 2024
2 141 1
1 266 711
2 787 3
1 1075 1441
2 2095 7
1 201 1964
2 721 10
1 116 1776
1 643 720
1 118 1515
2 1182 7
2 1843 8
2 149 3
2 1400 2
1 892 1443
1 945 1972
2 153 5
2 1192 1
1 377 611
1 1800 2046
1 1355 1790
1 1010 2069
1 458 1350
2 1337 6
2 175 10
2 2104 1
2 1310 1
2 1835 4
2 1188 4
2 2152 4
1 536 1425
2 2172 9
2 555 4
1 609 2110
1 1385 1446
2 1863 5
2 1358 7
1 659 1268
2 490 9
2 661 8
2 1018 8
2 2023 2
2 1897 6
2 7 3
2 61 4
2 1684 5
2 2066 8
2 682 2
2 764 10
2 591 9
1 275 1118
1 231 750
1 524 1571
1 1150 1885
1 62 1594
2 672 2
2 411 8
1 332 974
2 275 9
1 1071 1468
1 896 1988
2 867 4
1 593 1970
1 608 1189
2 955 5
2 1542 5
1 387 1743
2 2049 7
2 307 8
1 113 1909
1 460 1166
1 338 781
1 685 2071
2 1960 7
2 1418 7
2 1165 4
2 1407 9
1 508 595
2 1354 8
1 1462 1851
2 272 5
2 941 9
1 1712 1814
2 619 10
2 1403 2
1 224 1974
2 1048 1
1 1228 1853
1 87 1094
2 520 7
2 993 3
1 2096 2156
1 1031 1183
1 999 1687
2 1275 3
1 67 1014
1 252 1756
1 244 1699
2 1582 10
2 223 10
2 1289 10
2 1638 1
1 1468 1579
1 301 2093
2 792 2
2 92 8
2 1588 9
1 104 873
1 1180 2128
1 83 1284
2 1280 2
1 245 1956
2 1557 6
2 263 5
1 1 1295
1 1020 1648
1 456 1527
2 339 10
1 191 2027
1 508 1645
1 527 2109
2 923 2
2 653 9
1 1781 1840
2 871 9
1 438 1825
2 1769 8
1 69 861
2 1139 7
1 1519 1807
1 736 970
1 621 654
2 1328 9
2 356 4
2 248 8
1 320 394
2 897 2
2 234 10
1 616 1575
1 1438 1962
2 323 3
1 759 1452
1 207 2075
1 1858 2141
1 134 1705
2 1866 2
1 1072 1434
2 766 4
2 669 8
2 1448 10
1 612 1425
1 1265 1747
1 187 271
2 1586 2
1 1158 1213
1 198 1497
2 108 2
1 474 836
2 449 1
2 120 9
1 20 1957
2 1644 6
1 169 1095
2 2166 6
1 734 1906
1 297 1033
2 20 4
2 233 10
1 469 570
2 1873 2
2 125 9
2 1890 2
2 1582 1
2 1585 10
2 1975 5
1 1359 1914
1 1284 1562
1 527 2032
2 1468 7
2 346 1
1 1400 1802
2 612 1
1 62 393
1 977 1915
1 460 1599
2 611 8
2 715 5
2 797 7
2 1358 9
2 2120 7
2 1259 10
1 1206 1634
2 1008 3
1 228 2173
2 1049 5
2 270 3
2 1409 6
2 233 8
1 488 560
1 526 1498
2 1689 3
1 80 606
2 1124 4
2 593 4
1 37 544
1 461 2067
2 1885 2
1 1857 2111
2 1291 10
1 659 709
2 110 10
2 1652 6
2 2067 2
2 92 1
1 372 1992
2 1345 8
2 1120 6
2 2036 8
1 161 2164
2 1294 7
1 1832 1874
2 1910 2
1 346 2159
1 477 815
2 2165 3
1 1001 1479
2 51 10
2 365 8
1 257 370
2 1518 3
1 1916 2147
2 1589 2
1 966 2013
1 835 1794
1 1125 2020
2 1803 4
2 1998 1
1 526 2106
1 1083 1142
2 1536 4
1 1804 2082
2 1342 10
2 234 2
2 1993 7
1 671 1170
1 1334 1496
2 195 5
1 490 1385
1 709 1876
2 1133 5
2 444 8
2 1365 10
2 1341 9
2 615 9
1 1620 1778
1 1553 1828
1 813 1587
1 589 2079
1 982 1876
1 2031 2076
2 2095 1
2 703 9
1 2013 2127
1 129 358
2 1002 3
2 296 2
1 1342 1643
1 817 1660
2 1176 10
2 302 7
1 962 1094
1 140 1754
1 991 1079
1 13 2039
1 89 1465
1 162 2093
1 648 1365
2 1943 9
2 2124 1
1 67 491
1 508 1951
1 1656 1938
2 2137 4
2 250 1
2 1125 8
1 93 318
1 959 1270
1 902 1757
1 657 1343
1 572 1994
2 1179 7
1 1993 2115
2 374 6
2 1463 7
1 702 833
2 1881 10
1 343 1306
2 536 4
2 538 3
1 341 430
1 278 1144
2 2106 8
2 2067 6
1 1690 2128
1 220 1032
1 1552 1971
1 1592 2107
1 352 1489
2 1169 7
1 709 1708
2 1820 1
1 836 1555
2 1058 6
1 1461 2156
1 1821 1854
1 1384 1533
1 181 1245
2 1587 4
1 328 360
1 399 915
2 165 1
2 864 1
2 1433 3
2 1794 8
1 798 2156
1 1683 1786
2 732 4
1 1367 1884
1 1298 1488
1 1421 1900
2 949 6
2 1428 2
2 415 7
1 564 1120
1 1562 1840
1 1013 1512
1 368 1061
2 1482 10
2 1398 4
2 623 10
1 582 619
2 2147 10
1 728 1662
1 633 1688
1 19 1010
1 566 632
2 579 1
2 1333 5
1 1021 1481
1 477 1947
1 853 1161
1 1270 2070
1 797 1964
2 501 4
1 559 2082
1 291 412
1 69 537
2 1360 4
1 1613 1899
2 729 7
2 1664 2
1 604 2163
2 492 3
1 101 1771
2 652 3
1 807 1927
1 7 1001
1 7 583
2 2118 5
1 1165 1426
1 1162 1695
1 1662 1774
1 521 972
2 1396 6
1 577 2056
1 1217 2101
2 1617 9
1 1814 1917
2 1569 6
1 369 1670
1 811 1021
1 549 655
2 111 7
1 886 1506
1 828 1440
2 1085 9
1 496 898
2 952 9
1 1625 1649
1 302 391
1 335 1899
2 852 4
2 1886 10
1 108 428
2 147 9
2 1229 2
1 1014 1081
1 520 1685
2 402 3
2 1396 1
1 513 1508
1 1453 1670
2 1372 6
1 59 415
1 1428 1448
1 1204 1736
1 1331 1372
2 1605 2
2 400 7
2 824 5
1 458 914
2 96 10
2 1787 7
2 45 2
1 185 1521
2 344 1
2 924 10
2 1778 1
1 1379 1993
1 1228 1911
1 962 2069
2 1100 4
1 332 837
2 1425 8
2 1397 3
2 733 1
1 136 2147
1 56 254
2 1613 6
1 769 1135
1 948 2047
2 272 7
1 99 373
1 755 1981
1 680 1063
1 756 1543
1 634 1151
2 1515 9
2 996 10
2 491 9
2 360 7
2 48 7
1 131 2136
1 55 1979
1 908 2070
1 844 1840
1 1438 1640
2 2050 3
1 39 1217
2 802 8
2 1830 3
1 897 1553
1 1287 1460
1 291 2112
2 1272 9
1 1506 2050
2 89 5
1 180 425
2 599 3
2 745 3
2 1047 9
2 1441 7
1 738 924
2 293 8
1 4 1378
2 413 2
1 1639 1672
2 2126 8
1 723 1620
2 386 4
2 958 6
2 1190 1
2 1412 5
1 981 1119
1 1083 1434
1 362 1815
2 101 7
1 299 435
2 278 10
2 166 3
2 329 2
1 165 1761
2 1481 5
1 79 503
2 1994 4
2 1270 2
1 85 2128
2 1939 9
1 508 1363
1 395 839
1 204 2110
1 1489 1762
1 790 2049
2 1947 6
2 1382 1
1 481 1377
2 1040 10
2 1504 7
2 1486 4
1 493 1286
2 2151 1
2 453 8
1 495 871
2 625 6
1 1563 1639
2 1972 3
1 673 793
1 541 2084
1 388 1283
1 566 1442
2 1186 5
1 1265 1870
2 1653 5
1 300 1719
1 830 1383
2 1390 8
1 634 1749
2 1407 4
2 1204 2
1 893 1783
2 433 1
1 16 160
2 2105 9
1 430 1796
1 68 1737
1 1752 2150
2 1379 6
1 432 1013
1 570 839
1 1637 1847
1 32 55
2 804 4
1 193 1112
2 895 9
1 423 871
1 66 1685
1 1412 2145
1 1321 1677
1 356 1836
2 2130 2
1 974 1507
2 1535 7
2 96 3
2 1844 7
2 90 2
1 732 2116
1 1110 1686
2 1662 2
2 1161 10
2 1973 3
1 1120 1328
2 1694 4
1 807 1207
2 987 2
2 2070 6
1 953 1386
2 571 2
2 624 10
1 1507 2153
2 2103 7
2 2075 7
1 690 756
2 1244 2
1 1283 2096
2 348 10
1 86 1784
2 1404 10
2 237 3
1 847 1342
2 1578 9
1 1945 1957
2 1672 6
2 239 9
1 52 1780
2 2111 10
2 822 6
2 1671 4
2 486 2
2 1005 4
2 1486 8
2 309 7
2 1449 1
2 73 6
1 371 1991
2 510 5
2 196 4
1 667 1615
1 141 470
1 1176 1577
1 697 1134
2 685 5
2 433 9
2 1623 5
2 220 7
1 347 2015
2 1030 5
1 800 1931
1 854 1070
1 342 763
1 196 1795
2 1410 8
2 225 6
1 594 1078
2 243 1
2 46 6
2 1850 2
2 258 1
2 897 7
2 95 2
2 1039 4
1 123 2136
1 645 652
1 138 1420
2 746 6
2 816 10
2 401 1
2 2065 7
2 58 5
1 421 1620
1 552 1405
1 196 1695
2 1191 5
1 1126 2019
1 1524 1655
1 16 665
1 8 494
1 2 794
2 1417 3
2 2102 5
2 2025 2
1 812 1879
1 1056 1313
2 542 2
1 562 1721
1 155 1040
2 1836 4
2 895 8
1 658 746
1 1816 1894
2 635 4
2 1643 4
1 1013 1419
2 1132 4
1 106 725
2 1144 8
2 627 8
2 1105 2
1 1427 1780
2 586 10
2 369 9
1 519 591
2 456 3
1 1295 1785
1 566 1648
2 176 2
2 806 2
1 43 111
1 354 1194
1 33 1646
2 1548 2
2 730 4
2 139 3
1 252 526
2 1144 7
1 1305 2160
2 1737 6
1 840 1043
2 1645 5
1 54 1998
1 1016 1197
1 584 1450
1 651 759
1 97 868
2 2111 5
1 1507 1521
1 1232 1650
2 1442 2
1 376 1189
2 1422 4
1 614 1583
1 1818 1922
2 404 9
1 162 1750
1 1444 1960
1 2045 2154
1 658 1144
1 2061 2114
2 2063 7
1 1392 2039
1 375 937
1 1251 1693
2 599 5
1 1231 1490
2 70 2
1 177 1802
2 521 8
2 452 7
2 590 9
2 1538 5
2 1752 10
1 39 778
1 1060 1344
1 1318 1520
2 1872 10
1 498 1447
2 1913 2
1 388 1512
2 296 4
1 99 1943
2 971 9
1 216 726
1 1155 1911
1 4 1680
2 997 4
1 1512 2167
1 815 1317
2 1004 10
1 1696 1841
2 2018 1
1 1873 2174
2 2039 4
2 522 1
1 60 355
1 929 2077
2 1394 10
2 764 3
2 817 7
1 458 590
2 254 10
1 1070 1390
2 1097 6
2 1021 7
2 1726 5
1 1031 1478
1 171 1205
2 990 9
1 227 375
2 1 10
1 1324 1580
1 234 1357
1 343 1306
1 760 868
1 766 1819
2 1726 10
1 240 615
2 180 4
1 1147 1783
1 831 1969
1 1110 1844
2 197 10
2 798 9
1 1559 2050
1 1924 2126
1 521 1201
2 984 8
1 80 1654
1 1137 2111
1 140 1356
1 895 1132
2 1301 7
1 1505 1730
2 1363 4
1 410 509
2 533 2
2 724 5
2 1981 10
2 1263 3
1 158 1376
1 1201 1719
1 251 2058
2 221 5
1 1158 1912
2 1715 4
2 1520 2
2 703 2
1 944 1886
1 1375 1483
2 312 2
1 226 311
1 1898 2067
1 1822 1823
1 556 712
1 1565 1975
1 116 1007
2 1673 4
1 1233 1610
1 1121 1244
1 1547 1944
1 1214 1948
1 1000 1848
2 1425 3
2 324 10
2 245 10
1 789 1327
1 152 1547
2 494 7
1 524 646
1 1073 1463
1 1250 1752
2 279 7
1 730 781
1 409 1855
2 972 6
1 39 2169
1 1033 1682
2 2064 8
1 58 1118
2 1217 4
2 1557 5
2 2118 2
2 631 4
2 59 1
1 364 1703
1 936 1465
2 461 3
1 184 1135
1 1861 2049
1 1000 1672
2 136 6
2 694 8
2 1676 5
2 2031 4
1 865 1373
2 459 7
2 854 7
1 55 1565
1 356 1716
1 1158 1356
1 465 796
1 1274 2143
1 531 1465
1 1500 1969
1 1215 1413
2 1152 5
1 225 884
2 324 5
1 612 825
1 925 977
1 1106 1740
1 1832 1856
2 291 7
2 1149 6
2 1554 1
1 1879 2147
1 195 530
1 293 1831
2 303 8
1 1663 1751
1 864 1996
2 212 6
2 1802 3
1 116 817
1 1105 2103
1 1095 1372
2 1772 6
1 399 2143
2 1202 4
2 870 10
2 214 7
2 326 5
1 165 324
1 345 1962
2 627 10
2 1009 8
1 288 1095
2 1001 8
2 1650 9
2 963 7
2 1095 7
2 1418 4
2 1220 3
1 478 1635
1 524 1224
1 1097 1218
1 655 1269
2 1167 8
1 782 1910
2 1599 5
1 839 1875
2 1030 2
2 515 9
1 557 871
1 890 1926
2 152 2
1 1241 1548
2 1605 6
1 663 1526
2 96 2
1 239 508
2 1432 6
1 996 1793
2 1888 3
1 1484 1946
1 296 908
2 331 6
2 9 8
2 13 8
2 1767 8
2 304 1
2 1169 7
1 625 1441
2 611 7
1 1249 1440
1 487 2164
1 1621 1681
2 144 8
1 54 1194
2 2090 10
1 974 2046
1 888 1026
1 562 871
1 1008 1474
1 933 962
1 808 1970
1 221 2126
2 1366 3
2 50 4
2 207 1
1 177 405
1 93 1027
2 261 2
2 728 6
1 1086 1723
1 159 1522
2 1460 7
2 977 6
2 1338 6
2 1887 6
2 1110 7
1 35 2171
2 186 8
2 945 3
1 1737 2136
1 1092 2040
1 233 1260
2 1035 10
2 674 6
2 976 6
2 544 8
1 188 304
2 979 6
2 442 10
1 404 534
1 137 180
1 1471 1532
2 576 4
1 1882 1913
1 775 1869
1 157 514
1 321 946
2 1316 9
1 1721 2148
2 1532 5
1 74 1984
1 388 1688
2 404 5
2 739 6
2 1711 1
1 983 1309
2 134 6
1 1260 1338
1 503 1255
2 186 9
1 1458 1903
1 1571 1946
1 548 840
2 923 6
1 23 2058
1 288 1979
1 629 1465
1 85 1412
2 473 3
2 388 4
2 1821 9
1 337 2108
2 746 6
2 2042 6
1 76 293
2 1342 9
1 141 532
2 852 9
1 617 1791
1 428 1666
2 158 4
1 237 1199
2 1668 7
1 1182 1889
1 470 941
1 1158 1755
1 982 1958
1 381 1709
2 190 6
2 2123 5
2 133 5
2 1929 7
2 1143 7
1 1918 1923
2 2066 7
1 1066 1955
2 1775 1
2 227 3
2 1562 3
1 620 1826
1 715 1935
1 215 1469
1 113 1397
1 17 153
1 18 295
2 1414 8
1 998 1024
2 1277 3
2 1303 6
2 185 6
1 1210 1436
1 194 1147
1 279 541
2 1229 3
2 1801 5
1 1640 2173
2 1846 6
2 1062 6
2 968 9
1 392 1451
2 1910 1
2 520 10
2 934 7
1 32 898
1 524 616
1 647 1786
2 1639 2
1 1693 1871
2 691 9
1 1911 2123
2 574 6
2 2065 7
2 2012 6
1 814 1280
1 632 1490
1 208 1962
2 746 10
2 73 4
2 624 1
1 786 1862
1 657 1850
2 1742 1
2 744 9
2 854 5
2 158 1
2 1830 10
1 122 1693
1 961 1441
1 1422 1692
1 320 856
1 367 536
2 1282 2
1 745 2094
2 239 10
1 648 1389
2 90 10
1 1149 1305
1 103 1415
1 3 58
1 1616 1634
2 265 9
1 35 737
1 391 1629
2 1549 10
1 271 327
1 575 648
2 2023 8
2 1960 1
1 1434 1635
1 878 1183
2 585 1
1 70 1821
1 334 1839
2 652 9
2 2135 1
1 1425 1502
1 7 1060
2 1173 10
1 374 1370
2 503 6
1 590 1656
1 1716 1772
2 1416 9
1 1641 2115
2 1120 8
1 1164 1976
2 686 8
1 1360 2109
2 866 3
1 931 1823
1 40 192
2 1527 3
1 834 871
1 13 1694
2 1377 2
1 332 1207
2 511 6
2 203 9
2 1153 2
1 349 1047
2 1242 1
1 78 456
2 1320 9
1 540 1123
2 1851 1
1 61 1794
1 604 1385
2 1267 7
1 1125 2117
1 345 1217
2 1323 3
1 1312 1959
1 78 2008
1 360 1763
1 790 2056
1 140 2143
1 541 2088
2 1210 6
2 431 5
1 88 1904
2 78 2
1 1258 1356
2 68 8
1 1495 1623
2 1834 7
2 1203 9
2 2126 10
1 79 1713
2 1247 8
2 1210 5
1 1596 2109
2 1298 3
1 1907 1919
2 1378 3
2 1422 4
1 771 2002
1 831 1929
2 1498 3
2 1217 3
1 289 1598
2 285 3
2 831 6
2 1256 9
1 485 710
2 2177 3
2 1689 6
1 797 901
2 570 6
1 1707 2106
2 650 2
1 605 1232
1 1494 1509
1 162 1149
2 1892 7
1 459 1803
1 399 1872
1 20 1474
1 167 710
2 1765 6
2 1058 2
1 85 329
2 2011 4
2 831 4
2 1483 7
1 167 1873
1 1247 1256
1 422 1692
2 624 9
1 1253 1930
2 1615 7
1 174 1627
1 565 1424
1 742 1681
1 1090 1347
1 509 937
1 146 1972
1 312 654
2 2134 10
2 362 9
2 1768 1
1 759 1879
1 536 718
2 1749 9
1 1683 1709
1 659 1769
1 53 378
2 105 5
1 722 865
2 1477 9
1 720 780
2 399 5
1 397 565
1 115 488
1 1714 2033
2 1606 4
1 1685 1801
2 1221 6
1 268 1376
2 1249 7
1 89 102
2 697 4
2 248 6
1 646 848
2 1672 3
1 349 608
2 260 7
2 2018 9
1 561 2119
2 1458 5
2 706 6
1 481 1646
2 1020 9
1 681 726
1 557 695
2 911 8
2 1735 10
2 2159 6
2 509 3
1 971 977
1 534 2173
1 755 1169
2 1207 6
2 1757 7
1 811 1069
2 1417 4
1 648 1359
2 1968 9
1 154 839
1 1071 1399
2 1755 6
1 115 2100
2 575 9
1 29 2043
2 510 8
2 1913 5
2 327 5
2 2081 6
1 1458 1507
1 936 2032
1 258 356
2 1606 2
1 2075 2166
2 1379 6
1 568 1270
2 1669 8
1 36 375
2 5 2
1 240 596
2 804 4
1 89 1117
2 277 9
2 518 1
2 578 9
1 531 1513
2 411 2
1 669 1957
2 1420 2
2 1327 9
1 270 1278
2 2007 9
2 444 2
2 390 6
2 981 1
1 1295 1563
2 109 1
2 426 7
2 398 2
2 1116 4
1 249 1247
1 629 831
1 45 2082
2 1264 2
1 1236 1706
2 1829 9
1 582 1426
1 343 1918
1 719 825
2 85 7
2 1276 8
1 1109 1705
1 280 449
2 1474 3
1 317 1099
2 1241 6
1 1750 2015
2 1014 3
1 961 1405
1 274 1659
1 560 995
1 148 1766
2 1285 9
1 1139 1288
1 626 2162
2 1820 1
2 1048 5
1 1830 1879
1 1454 2148
1 288 1432
2 1021 7
1 942 2131
2 1230 3
1 2086 2113
2 914 2
2 950 4
2 1767 7
1 1207 1340
2 995 5
1 933 1683
1 116 2064
2 434 6
2 718 10
2 1756 6
2 100 1
2 893 5
1 401 1921
1 1223 1371
1 1665 1871
2 1513 3
2 262 1
2 2011 4
1 358 1784
2 196 3
2 434 9
1 444 485
2 428 2
1 139 392
1 857 1767
2 1036 3
2 608 6
2 430 7
2 1851 6
2 2148 4
1 273 1199
1 1167 1602
2 409 4
2 1070 5
2 309 4
2 584 8
1 318 1347
1 127 501
2 287 6
2 1500 4
2 541 2
2 1155 8
1 877 1463
2 607 7
1 590 1995
1 228 414
2 1204 8
1 476 526
2 1516 8
1 430 2162
1 1435 1717
1 509 635
2 652 4
2 1828 4
2 1852 7
2 1119 4
1 238 2027
1 917 1833
1 28 1557
1 1019 2127
1 990 1100
1 86 381
1 720 1760
1 1100 1841
2 220 2
1 1143 1835
1 1430 1450
1 461 655
1 1107 1990
1 1095 1987
1 1156 2099
1 589 2034
1 540 1141
2 1035 2
2 535 10
2 1989 6
2 2120 8
2 1339 1
2 975 3
2 936 6
2 888 10
1 957 2143
1 259 433
2 1209 10
2 106 7
2 314 8
1 251 1729
1 1271 1674
2 2071 4
1 917 1602
2 883 3
1 21 1373
1 846 1808
1 470 896
2 578 2
2 390 9
1 1314 1544
1 1872 2105
1 483 1622
2 1974 2
2 1634 4
1 1054 1533
2 53 7
1 413 1835
2 1921 5
2 1883 5
2 1689 6
1 903 2007
2 1385 7
1 470 472
2 2028 5
1 345 1391
2 419 8
1 1699 2088
1 332 1434
1 149 970
1 1757 2085
1 314 936
2 1329 2
1 1321 1329
1 90 453
1 76 101
2 421 5
1 210 1143
2 1834 7
2 1938 2
1 517 1233
1 291 1514
1 1046 1952
2 773 1
2 1100 6
2 145 2
2 349 2
2 2087 6
2 1770 5
2 1536 4
1 996 2056
2 1813 4
1 1456 1820
1 172 1507
1 22 925
1 674 2092
1 35 1964
2 1554 2
1 957 1143
1 1032 1972
2 189 2
2 1175 8
1 1613 1693
2 1725 3
2 1247 2
2 198 4
1 508 2107
1 1466 1863
1 689 1894
1 21 1617
2 845 6
1 1027 2003
1 492 717
1 815 2107
1 611 2052
1 1086 1141
2 675 7
2 1526 2
2 21 4
2 792 3
1 35 2027
1 1163 1713
1 73 376
2 156 7
2 2085 2
2 1899 3
1 106 1989
1 485 1693
2 1399 10
1 1789 2087
2 238 4
1 675 1029
1 96 1729
2 805 10
1 258 1604
2 2168 3
2 1308 3
1 391 1882
1 1814 1937
2 1664 9
1 836 1345
1 696 1341
1 1271 1481
1 385 1247
2 1942 9
1 532 1015
1 2 320

```
Your Output:
```
-1
-1
0
-1
-1
-1
-1
-1
-1
-1
-1
-1
-1
-1
-1
898
-1
-1
-1
-1
1740
-1
1387
-1
-1
-1
-1
-1
-1
-1
-1
1621
-1
1290
-1
-1
-1
-1
-1
-1
965
-1
-1
-1
-1
-1
-1
-1
-1
104
-1
-1
363
370
-1
-1
-1
-1
-1
-1
-1
-1
1384
-1
1621
-1
-1
1699
-1
-1
-1
-1
-1
-1
1405
-1
-1
1419
-1
-1
1419
-1
1515
1797
-1
-1
-1
-1
-1
-1
-1
-1
-1
-1
-1
-1
-1
-1
718
-1
-1
-1
-1
-1
1314
-1
1371
-1
1549
1699
1569
1132
-1
367
-1
-1
1195
-1
-1
-1
-1
-1
1342
1612
-1
1419
-1
-1
-1
-1
-1
1405
-1
-1
62
1612
-1
-1
-1
-1
-1
1068
1569
-1
-1
1405
-1
-1
-1
960
-1
-1
-1
-1
-1
896
1569
-1
1205
-1
-1
1191
1569
-1
-1
-1
-1
993
-1
1621
1041
-1
-1
-1
-1
1699
1822
-1
-1
1754
-1
-1
-1
-1
-1
-1
1476
-1
-1
1895
-1
-1
-1
1699
-1
-1
-1
1754
-1
-1
1621
-1
-1
-1
-1
-1
-1
1476
-1
-1
-1
1476
-1
1605
-1
-1
-1
-1
-1
-1
1770
141
-1
1569
-1
-1
-1
-1
-1
-1
1192
-1
-1
1800
1310
-1
-1
1754
1554
-1
-1
-1
-1
-1
-1
1797
-1
-1
-1
-1
1569
-1
-1
-1
-1
-1
-1
-1
-1
-1
1612
-1
1612
-1
-1
-1
-1
-1
-1
-1
-1
1048
-1
-1
1770
-1
-1
-1
1638
-1
-1
-1
-1
-1
-1
-1
1797
-1
-1
-1
-1
-1
-1
-1
-1
-1
-1
-1
-1
-1
-1
-1
1800
449
-1
-1
1699
1770
-1
-1
-1
-1
1582
-1
1754
-1
346
1425
-1
-1
-1
-1
1621
-1
-1
-1
-1
-1
-1
-1
-1
1770
1150
-1
-1
-1
1857
92
-1
-1
1621
-1
1857
1800
-1
-1
-1
909
-1
1858
-1
1612
234
1754
-1
-1
-1
-1
-1
-1
1858
-1
-1
-1
-1
-1
1643
1858
1800
250
1699
-1
-1
-1
-1
-1
-1
1699
1770
-1
1820
-1
-1
650
864
-1
-1
-1
-1
-1
-1
-1
-1
-1
1656
579
-1
-1
-1
-1
-1
-1
-1
1797
-1
-1
1797
-1
-1
-1
-1
-1
-1
-1
-1
1396
-1
-1
-1
-1
-1
-1
165
344
1699
1778
-1
-1
-1
733
-1
-1
-1
-1
-1
-1
-1
1853
-1
-1
-1
-1
-1
-1
-1
-1
-1
318
1770
-1
-1
1190
-1
-1
-1
-1
-1
-1
1814
1857
1754
1800
1382
-1
-1
-1
1858
-1
-1
1853
-1
-1
-1
-1
1204
937
1754
1800
-1
-1
1857
-1
-1
-1
-1
1662
-1
1853
-1
-1
1800
-1
-1
1800
1800
-1
-1
-1
-1
-1
-1
-1
1754
-1
-1
-1
-1
-1
-1
1449
-1
-1
-1
1812
-1
-1
-1
-1
-1
-1
243
-1
-1
258
-1
-1
-1
-1
-1
1778
1800
-1
-1
-1
1812
1857
-1
-1
-1
-1
1814
-1
-1
-1
-1
-1
-1
-1
176
-1
-1
-1
-1
-1
-1
1812
1812
1442
-1
-1
1804
-1
-1
-1
1804
-1
-1
1795
-1
1857
-1
1797
-1
-1
1858
1853
904
-1
-1
-1
-1
-1
-1
-1
-1
-1
-1
-1
-1
1800
-1
-1
1853
1639
-1
1797
-1
-1
-1
1318
-1
-1
-1
536
-1
1800
-1
-1
-1
1812
1857
1853
1873
-1
415
1858
1853
-1
-1
1858
-1
-1
1857
-1
1818
-1
1898
-1
-1
177
-1
-1
-1
-1
-1
-1
-1
-1
-1
-1
-1
-1
-1
-1
-1
-1
-1
1879
-1
-1
-1
-1
-1
-1
1853
-1
1346
-1
-1
-1
1817
1875
-1
1898
-1
-1
-1
1858
-1
-1
-1
-1
1875
-1
-1
-1
-1
-1
-1
-1
-1
-1
-1
-1
1711
-1
-1
1861
-1
1875
-1
-1
1861
1853
-1
26
-1
-1
1875
-1
1861
-1
1861
1775
375
1562
-1
1879
-1
1873
-1
-1
-1
-1
-1
1898
-1
-1
1672
-1
-1
1861
1873
-1
-1
624
1871
-1
-1
1376
-1
622
1857
-1
-1
-1
1861
1898
899
-1
1898
-1
79
-1
-1
-1
-1
-1
481
-1
-1
-1
1242
-1
1851
-1
-1
-1
-1
1882
1871
-1
-1
1858
-1
-1
-1
1378
-1
1879
1879
-1
1875
-1
1879
-1
1875
650
-1
-1
-1
1878
1878
-1
-1
-1
1861
-1
1768
-1
-1
-1
1876
-1
-1
-1
-1
-1
1639
-1
1871
1876
-1
-1
-1
-1
1875
433
1875
-1
-1
1871
1875
1871
-1
1876
-1
1875
-1
1875
-1
-1
-1
-1
518
-1
-1
138
-1
1871
-1
-1
1119
109
-1
-1
-1
-1
-1
1873
-1
1879
-1
491
-1
1820
-1
-1
-1
1882
-1
-1
1876
-1
612
1875
100
-1
1879
1691
1878
1879
-1
1882
-1
376
-1
-1
1878
-1
-1
-1
-1
-1
1878
1882
1872
-1
-1
-1
-1
-1
-1
-1
220
-1
-1
1875
1872
1339
-1
1875
-1
-1
-1
-1
1878
-1
-1
-1
1882
-1
-1
1876
-1
-1
1873
1876
-1
-1
1876
-1
1882
773
-1
-1
1453
1875
1876
-1
-1
1882
-1
-1
-1
1256
-1
-1
-1
663
722
-1
-1
1898
1882
-1
1879
-1
1882
-1
-1
1873

```
Expected Output:
```
-1
-1
-1
-1
-1
-1
-1
-1
-1
-1
-1
-1
-1
-1
-1
898
-1
-1
-1
-1
1740
-1
1387
-1
-1
-1
-1
-1
-1
-1
-1
1964
-1
-1
-1
-1
-1
-1
-1
-1
-1
-1
-1
-1
-1
-1
-1
-1
-1
104
-1
-1
363
370
-1
-1
-1
-1
-1
-1
-1
-1
1384
-1
2040
-1
-1
2047
-1
-1
-1
-1
-1
-1
-1
-1
-1
-1
-1
-1
-1
-1
1515
2051
-1
-1
-1
-1
-1
-1
-1
-1
-1
-1
-1
-1
-1
-1
718
-1
-1
-1
-1
-1
1314
-1
-1
-1
1549
-1
-1
1132
-1
367
-1
-1
1195
-1
-1
-1
-1
-1
-1
-1
-1
-1
-1
-1
-1
-1
-1
-1
-1
-1
62
-1
-1
-1
-1
-1
-1
1068
-1
-1
-1
-1
-1
-1
-1
960
-1
-1
-1
-1
-1
896
-1
-1
1205
-1
-1
1191
-1
-1
-1
-1
-1
993
-1
-1
1041
-1
-1
-1
-1
-1
1822
-1
-1
-1
-1
-1
-1
-1
-1
-1
-1
-1
-1
1895
-1
-1
-1
-1
-1
-1
-1
-1
-1
-1
-1
-1
-1
-1
-1
-1
-1
-1
-1
-1
-1
-1
-1
1605
-1
-1
-1
-1
-1
-1
1569
141
-1
-1
-1
-1
-1
-1
-1
-1
1192
-1
-1
2104
1310
-1
-1
-1
-1
-1
-1
-1
-1
-1
-1
-1
-1
-1
-1
-1
-1
-1
-1
-1
-1
-1
-1
-1
-1
-1
-1
-1
-1
-1
-1
-1
-1
-1
-1
-1
-1
1048
-1
-1
-1
-1
-1
-1
1638
-1
-1
-1
-1
-1
-1
-1
923
-1
-1
-1
-1
-1
-1
-1
-1
-1
-1
-1
-1
-1
-1
-1
108
449
-1
-1
-1
-1
-1
-1
-1
-1
1582
-1
-1
-1
346
1425
-1
-1
-1
-1
-1
-1
-1
-1
-1
-1
-1
-1
-1
588
1150
-1
-1
-1
461
92
-1
-1
-1
-1
-1
-1
-1
-1
-1
909
-1
1998
-1
-1
234
-1
-1
-1
-1
-1
-1
-1
2095
-1
-1
-1
-1
-1
-1
2124
-1
250
-1
-1
-1
-1
-1
-1
-1
-1
-1
-1
1820
-1
-1
650
864
-1
-1
-1
-1
-1
-1
-1
-1
-1
-1
579
-1
-1
-1
-1
-1
-1
-1
-1
-1
-1
-1
-1
-1
-1
-1
-1
-1
-1
-1
1396
-1
-1
-1
-1
-1
-1
165
344
-1
1778
-1
-1
-1
733
-1
-1
-1
-1
-1
-1
-1
-1
-1
-1
-1
-1
-1
-1
-1
-1
-1
318
-1
-1
-1
1190
-1
-1
-1
-1
-1
-1
1152
1270
-1
-1
1382
-1
-1
-1
2151
-1
-1
-1
-1
-1
-1
-1
1204
937
-1
-1
-1
-1
-1
-1
-1
-1
-1
1662
-1
-1
-1
-1
-1
-1
-1
-1
-1
-1
-1
-1
-1
-1
-1
-1
-1
-1
-1
-1
-1
-1
-1
1449
-1
-1
-1
-1
-1
-1
-1
-1
-1
-1
243
-1
-1
258
-1
-1
-1
-1
-1
1778
-1
-1
-1
-1
-1
1569
-1
-1
-1
-1
847
-1
-1
-1
-1
-1
-1
-1
176
-1
-1
-1
-1
-1
-1
595
-1
1442
-1
-1
-1
-1
-1
-1
-1
-1
-1
-1
-1
-1
-1
185
-1
-1
2018
-1
904
-1
-1
-1
-1
-1
-1
-1
-1
-1
-1
-1
-1
1013
-1
-1
1136
1639
-1
-1
-1
-1
-1
1318
-1
-1
-1
536
-1
-1
-1
-1
-1
-1
1217
-1
-1
-1
415
461
-1
-1
-1
-1
-1
-1
1152
-1
-1
-1
2160
-1
-1
177
-1
-1
-1
-1
-1
-1
-1
-1
-1
-1
-1
-1
-1
-1
-1
-1
-1
1547
-1
-1
-1
-1
-1
-1
-1
-1
1346
-1
-1
-1
-1
782
-1
2075
-1
-1
-1
-1
-1
-1
-1
-1
-1
-1
-1
-1
-1
-1
-1
-1
-1
-1
-1
-1
1711
-1
-1
162
-1
2044
-1
-1
244
847
-1
26
-1
-1
-1
-1
-1
-1
-1
1775
375
1562
-1
1712
-1
1507
-1
-1
-1
-1
-1
1910
-1
-1
1672
-1
-1
-1
-1
-1
-1
624
1871
-1
-1
1376
-1
622
-1
-1
-1
-1
-1
1960
899
-1
2135
-1
79
-1
-1
-1
-1
-1
481
-1
-1
-1
1242
-1
1851
-1
-1
-1
-1
1527
-1
-1
-1
-1
-1
-1
-1
1378
-1
1498
2101
-1
-1
-1
-1
-1
1434
650
-1
-1
-1
-1
831
-1
-1
-1
-1
-1
1768
-1
-1
-1
1817
-1
-1
-1
-1
-1
1639
-1
-1
-1
-1
-1
-1
-1
-1
433
1800
-1
-1
-1
1755
575
-1
-1
-1
-1
-1
-1
-1
-1
-1
-1
518
-1
-1
138
-1
-1
-1
-1
1119
109
-1
-1
-1
-1
-1
329
-1
1474
-1
491
-1
1820
-1
-1
-1
1878
-1
-1
995
-1
612
737
100
-1
1969
1691
-1
1695
-1
1666
-1
376
-1
-1
871
-1
-1
-1
-1
-1
1929
2084
-1
-1
-1
-1
-1
-1
-1
-1
220
-1
-1
-1
-1
1339
-1
1513
-1
-1
-1
-1
-1
-1
-1
-1
1974
-1
-1
1620
-1
-1
-1
-1
-1
-1
1620
-1
2046
773
-1
-1
1453
-1
995
-1
-1
2094
-1
-1
-1
1256
-1
-1
-1
663
722
-1
-1
1757
1871
-1
1964
-1
-1
-1
-1
-1

```
Error Analysis: Line 3: Got '0', Expected '-1'
Line 32: Got '1621', Expected '1964'
Line 34: Got '1290', Expected '-1'
Line 41: Got '965', Expected '-1'
Line 65: Got '1621', Expected '2040'
Line 68: Got '1699', Expected '2047'
Line 75: Got '1405', Expected '-1'
Line 78: Got '1419', Expected '-1'
Line 81: Got '1419', Expected '-1'
Line 84: Got '1797', Expected '2051'

### Your Task
Fix the C++ code to pass ALL test cases (including hidden ones).

### Critical Guidelines
1. Focus on algorithmic correctness - NO hard-coded values or special cases
2. Ensure proper data structures and complexity (aim for O(N log N) or better when possible)
3. Handle edge cases (empty input, single elements, max constraints)
4. Use standard C++20 features; avoid non-portable code

### Output Format
Provide ONLY the complete fixed C++ code in a single ```cpp block.
