94956314
526748745
361461856
14987667
516989264
374214049
260360069
285714377
157622099
126628322
582844665
377336595
439178389
493682871
270581051
258181294
589579160
97041541
528537438
553847123
424634314
113598444
546172152
481397527
242723807
181943104
190238004
295611941
464017122
75396010
390172764
503577758
277334757
295560870
230902195
115134186
346094013
469306241
242406859
490805148
572575055
96269532
93224961
504356598
98498206
478697613
83397733
301139448
211917553
327318927
546449107
210020441
548145281
282203204
494570815
319923902
108599901
18757220
83006979
406775988
78828733
507627537
124819501
208168891
584224995
303688639
535937582
489748893
178985938
22271414
273478494
129125040
114522365
113859880
332624660
82698901
416432382
28577001
281512485
245540276
486540050
533392206
479987816
52216398
345124413
252974828
399923045
522729888
358741586
305956873
436651171
8834095
159482652
341596919
140897164
484498755
216283301
322536430
368018064
533453520
444664192
507729662
195585891
46094172
167705884
145674529
5806114
475407336
193233933
379493102
266834132
42253778
16303395
16018461
24185568
595272279
450976397
299689529
166457900
441831957
283024920
564467232
250672596
184134384
149273996
1109478
121935880
403379394
562924776
198961549
188247960
123808480
518796883
89887158
472307865
189847549
481913862
556799673
69830231
264902778
104770085
404051601
224569138
118854932
172191918
359829487
421307742
264848490
316202031
48394173
536105349
66528069
311529789
140222212
222413600
125730230
508020835
128566996
344802605
561800133
533562578
593528974
72908910
593548939
561253237
572772711
131622952
545798583
236401788
532414539
190465134
593202032
248441248
553434567
40309044
540808557
361372482
317386422
230167510
490212266
452037605
48881715
49801979
60858248
55414299
480604020
191318143
59975386
155032473
275089330
581876154
462107607
427868657
55129932
43884805
52262751
115730544
5072698
196779525
161473561
121038754
290142870
259466027
400488024
386122456
555682944
400903473
538364111
486582991
464420661
405487062
215947175
469396384
56745874
396676127
444871787
265227220
102961200
407912930
434084125
554023096
382184258
237565962
398310841
573073259
322235220
516046059
8280909
510231249
598788897
371817915
441308743
27288124
572255014
549867543
487231986
267912846
348801507
5008567
9898490
564054246
387716136
432389558
104040836
353375369
52224665
346061128
82699643
12718792
264242988
432613384
449996811
149753575
452943325
280311926
221279480
487686656
373111651
77275253
387006540
232341438
407226128
504497978
190942979
94585095
522984432
17049179
205129368
533822950
352406604
165076306
265078910
320644779
505581444
489812125
567497733
280506002
67177990
274510954
41439607
231502567
31112384
260792959
87241214
364481766
77889706
67620182
210534691
535970519
281939926
535001295
443501336
182552364
439556243
313766624
61402994
69526108
474669491
114048693
574299095
83988488
419331806
21943132
271374719
386881860
590767114
108655025
14372328
384489288
133543477
393985808
318941475
7637847
381159240
196708257
355457669
297815412
379805491
115064379
520787805
333658698
424799391
46091958
492351194
81063999
547843588
187241631
28643515
414978812
146494563
178858266
581024673
489608014
568254146
445756617
561919113
195691379
591787845
508559899
354534585
205025232
170335103
403482417
538205907
443152292
13471004
579897184
13432719
464895314
228096572
261246739
131349198
8701413
251787799
192255416
452788817
530198047
124915849
520907063
244059039
280541916
406708416
129642160
231688681
303135657
67091024
243758885
139863031
391706921
526493688
196037886
542586783
447700205
441349384
108181796
447098699
324029790
173503024
181061039
320986694
10496220
238164609
425103829
584320361
523945370
168870142
191698272
238101667
287123956
159332066
314735873
596585896
441479966
203210222
59263132
580126167
585699393
251432113
516236693
308140168
449616679
584253970
1885467
203820993
338876661
71510114
541520910
386593609
208081526
285765136
347388445
499261492
164115661
584921797
369485120
557926177
510818141
396229143
588030166
448388855
408833864
65523460
223921956
212071935
375243502
431828245
534115232
529193411
303045795
360993237
9760170
69939555
84855034
377050710
94251827
442579627
112481450
154228911
21341874
522331536
186873567
262265007
484668162
297547394
344824501
424332333
472919264
438997071
475474005
268614787
327419199
302659393
462614952
360452218
235789510
433346915
48304289
394710569
22940285
500066721
577572955
302013771
571537850
331410760
85452540
145490205
370440505
358962563
163991757
256958231
599289601
524133801
25963662
110313883
549768579
262608673
194718649
389435463
119827420
216450689
423015440
277905466
584710494
66145344
103081839
574081642
177856064
44206842
406657274
107412764
559137980
322806936
444562473
221456850
573043128
513885637
245109533
498892173
540843192
250861221
225208041
262575807
7710654
263483784
169252928
383660230
31687881
223744927
431350223
359574891
532789287
228893202
147637068
243420154
134042607
203558477
190941840
76859286
96815598
541191456
470948740
412790755
160065823
101085646
312771483
268502978
298925568
155201022
357565986
129594265
458008997
137470875
376082058
343146397
61629145
57792700
13778922
386201637
317132589
523307709
376926541
11977613
58450050
351561969
445097979
247940534
137964673
328785450
325849341
506188987
506101799
542629317
595931904
548641904
832204
379092483
317528227
40945529
8117482
343611266
120329007
536348059
345022452
426289754
131451507
53671944
591663789
585106743
599819341
468307574
113513121
221007467
327646965
74023993
191227307
258174842
37155757
184099783
426824457
592913249
540768937
338836943
332335018
446858563
351080902
277812302
179051652
258627061
566384845
533181261
372878339
341226766
120004866
530543187
311069693
548167994
440640148
12392333
226599314
52455147
512798556
216070777
116171033
220070149
45900473
465788772
93986814
280971887
572768339
342770415
135785948
101175681
110215152
349939908
467670639
388481219
391316836
95550631
138238624
515394457
301729500
486433483
225174641
554715392
368083960
195647310
126972032
500170800
491151791
493419247
156074674
222093976
541333869
290266658
383952828
283293311
335450254
25463859
273636408
409832281
207605116
104375994
38815780
31016163
117768285
534799450
499074149
246450844
308329319
2571935
349043372
326092413
27247195
212127923
379509903
370490183
182445162
508156953
318582640
109919842
130386256
254192465
552442159
268371200
64894072
295987660
179323721
132142896
107475252
463169792
385799860
555931182
506843826
225683943
74164179
416976762
260220285
554387076
587038082
86557582
305342710
333569884
8509801
349459296
37995734
581828653
434381596
165123544
578217851
447383103
239024833
303124725
444506169
552515853
589011404
187223675
467188948
548928667
483441689
226232999
266812674
121626046
178140827
147241491
517663927
366364778
544327491
167165958
424607147
398871349
561045738
191206595
485439081
362338003
268945611
395572891
551439117
475494803
432112549
362225728
453113941
493541302
304246681
450965059
599557416
367687192
488968316
328906289
383848871
7753757
376728918
175713186
297137849
138521593
1096977
447267783
496870680
407363640
259976193
370050990
231855012
511698429
448421214
449058654
499264641
183126365
110066678
547089851
345816411
361899939
444093469
531801100
507848530
321801531
407470879
195144155
214009463
78033916
585139403
365064826
504543873
105400287
283025748
414687972
407760154
492937229
145356194
25933426
538253049
278575834
346722610
402153982
443158674
46792702
524125289
225000069
209429298
260685753
538096045
278198861
431154099
160870584
118598980
103957601
515044962
455189188
25190726
386765640
595835622
333929955
491292741
591640291
324012164
34502610
135701617
171605084
332784664
35924870
87146972
182620885
109245621
199600403
198565476
420808835
561362429
308639226
507814197
45476909
67292984
566701429
21331936
349225335
404594286
548798967
351835815
462468917
101909166
583037097
315139378
420158793
247323341
296097418
573651474
136133268
420521997
197621946
521171410
340867380
76525580
238046190
423853388
576867349
526133313
58008965