32537711090506
4743779285712
50519432638835
20872429279010
36900273450745
48280792888796
19278647041409
84072492328789
12094451897896
53422063269672
46822661676434
36092328001509
55870327737364
73908507589701
47334329838703
54497557227109
67568426307921
20468299983573
22731816991402
91855487514423
923867055932
38216921909766
31181023902202
23541557071975
47449715124816
43148649282031
16887913508848
33519720468665
18621278115783
60004367717551
549486476249
68569291083211
43747283313534
86131709130288
19045503582354
84603696070184
26706226889369
38743223343995
72856396360121
46988991530900
30217360832774
52945980017193
19433175821402
47764808776447
37869707841103
19085593339695
16599049427867
10014712359317
22057600573766
10572041039576
21659366317945
14604586687602
12251470755242
1341811776005
47351442975394
86848756647253
8220311985331
26206502230966
29024389796114
66762573407855
43485578614458
43033816793465
56787770894387
59701481664257
5359609614216
27603183703565
36602048848275
2259837935676
10378988382824
21576222479167
67309132778477
63489957877507
6465422780386
5838308853128
2185497062242
9974607608407
39720812072888
57421754731552
65476821085352
39749401417214
30797252233255
40906871141114
6676134516440
31150337360539
57331935812282
19815433073761
5040965548537
35470184256054
69983701087512
65973117487382
47306764061875
6251379503430
28444211216942
17770918982790
62711179097462
76222002731846
5100393363287
41450768285087
5533143418858
52141659523746
19300311246839
36317284046142
9409213988767
22220777488410
48455562830438
35807263705958
58266649303342
16930557597368
17634402969163
87815392916537
14703868074386
34994547778436
38882234735728
56198856846123
43196254199109
24442110865187
43918577708267
32712569275186
7792994445636
20257907630544
28104470936856
28403979015656
25111657019397
17838942202413
31743484252076
61388234947281
29955390704555
71055543814436
4830390539344
46651815617455
47589516880617
16411954918916
17751341108339
56334235733396
29689902541409
68948504832315
88337334490455
32136544990832
9166038912591
2169114861532
72773830425020
18903629628429
835474513474
58089048744374
22336296262603
10715132142109
27337467186248
13919849516734
74106489668027
26458130754366
38335288928065
41088854252249
81517200527060
36849944667797
47283395491463
48427655181271
31855536806494
54942761415564
6602542983686
46131391429113
50294342909940
21246446651636
38451161784787
9614410639691
15541998357437
43823093631510
18514546928707
45024903925831
6342004672168
10283329789832
14058506723234
47041156619779
3104927797710
62911141889656
84173929571305
30688800633572
12142261675046
10978113953063
15218929766272
17195497464516
15766677220180
1476673469716
57830462321257
50994189621203
38875518203972
74094744711844
7145153998484
26158785969127
43876884332399
74556097377030
43448184274092
96018189420117
37181274604745
48579248330906
27448092257954
31780897080910
49669692802958
19612693260219
63407129534970
6345895198458
27751456409436
17992723156888
1072726398090
7818301094301
70007523525950
1724388459712
54558981526740
47695077386554
46729279894243
79640383064888
13921415091414
44860809403751
63298718246
6722997090697
5240459850654
9995593693054
29303788495328
17663473112272
23392174914413
16858846221093
802957968223
90737904084713
40120790707422
42196338210541
56684532189700
23547836957716
56116194253323
58424373353287
5488282516948
16097089284671
27176568844949
12967820899987
25180933129621
29107511997979
27957707824413
16269019866720
25236747272581
18275030811038
67410480834307
52820997949260
66852037772893
44596395341096
62083024892872
26396970441468
18214931650827
1646226368827
68194230408766
32855090295704
1877547708629
89092519299444
26826642914839
81599838517620
6747159078282
84926892161352
30614192647763
45823811497018
16695443791104
24859651550404
73532071751702
44302461714507
41891821220133
2895046003347
6878293692663
32353147862769
5925426515532
14948421003447
17410022282484
1374664472309
29548130505619
57621342643989
89109896809625
97416141474593
39061263186043
8708379937285
78120368783905
43096935162546
39932162265406
3378258024309
58664371837357
1537176084454
61548570932774
46036383576890
19113720811733
25125685050729
27425810171029
62072238095683
15417137304544
13494625634204
36216055792085
17876027023665
57573831647172
53557005134149
16336313695179
3619898855465
47572173249731
51944545010354
21101872614827
7136148871565
315912007357
59430618523894
62005331953542
21987431135736
77895501993501
1295721949245
42781509503196
29543259315454
17250543913643
5709905364609
13967349122195
7915726538484
33278156851778
30684518299240
90209106553552
31272239899010
47234218464965
26804377150642
30619873997650
54340514686267
26074683092230
28245922239198
7496150666970
26933141791329
6457888099634
2742448534678
41458206338735
53217366309286
26551982263990
63634104645900
18368692324848
15709055465346
19505761790808
53984237603118
62777996559266
57431306644925
1932632734442
35056093927443
39067734614974
60937684532945
11870645553967
25704574690713
10339800480500
25897185499397
14617269332852
63801541784864
8201585400139
54846466417494
11850156046245
74241350087993
37937551214677
1875488894098
37872074016744
82814414900123
11132730228934
29819113787984
16056432076027
65849512460786
6045461078749
42555079557671
19511500723927
22896188390813
14340014069536
58638403728429
36229138469353
37468164500973
34162112386486
1607961834308
15032628117730
3442456073431
18247362607271
6652370110675
6255197615137
21924415121354
39485823059957
37575579287680
25201975059359
54160711500100
45793093374412
4899547564357
54730061061975
9602638494424
12618791455019
5255857587524
22415087457262
23167169505340
52721838151224
22443630701789
56765749217888
3438679660525
19505905095263
1981267781631
9753006863472
47862384068658
12575821202431
10729381346902
51737321929505
39834859769606
12966130294585
24201101997047
58730650951303
25853272182342
5577011397327
38622886236137
38981204261142
14160046392351
25975444752948
34896125392898
18960044834548
78323466166763
27623472659993
35552257450016
49105485785185
31626675306778
1830130065211
10740521820277
37163444958204
8100618533305
27721967824885
12473267630386
16267861675811
9820145679672
44980531276907
90486869733413
60993633628540
18926781158465
50088677728397
78221877040986
56553292449452
72213659353975
23238429223537
61857897313791
11711591339664
83794079384539
76143219497862
24949635674845
95462878532613
56946718613414
17761712661287
449532600289
23568490681714
14534365792800
31854658780782
82307041050016
6284763600180
1117887055794
43414068194317
12049295616093
40232021404922
11737497003251
50299331046529
57496743146227
5706679900271
28803343280446
41264446851123
12464649840290
6547407879594
17646716801428
52637735043240
14440660075505
29980285551523
2865785802136
63785961941781
22609311176334
29454590783358
8518301791569
76620765126687
28085793144104
21438382475873
28576170052443
11727956152072
13292113176554
1857044368883
19485683701768
1286683635426
54886412584714
9504344722429
42404242510691
63366434378533
42862110056727
14784331348639
3947930926871
58312026144286
15117343003624
64718919122857
9454003197040
89388701470454
85890070942194
89438730202857
18340188725073
63135232586192
40688984924664
4562910768707
5531797906282
71539866965395
21115580868787
15337908749350
29180683297982
15485382295244
26029815628885
85487708100467
96020953748161
6373627242833
60953078973719
642930440261
19744142586350
29320097025749
53974013966754
49371234257115
96284087152081
40027892846604
31476821659542
36766573358432
12262987429735
32883470841681
64126769263014
61302635256557
52666653193452
2310832443958
25328136668401
92015473394978
47039614692738
49529734311385
73095046775619
11717935485825
7213984312452
55879742223351
23862737858657
52014711425602
2720498806858
46778967883024
49685655585772
43955107775497
167164484257
76439808467610
45295127610740
31968282844539
67322354559242
11948241172667
60660332522025
9334792705941
53001283183283
9499052575398
15142564927119
48757669943455
5928845268687
41204981966599
32737083197621
71536587248857
35996382463742
33681243902912
17500310516186
39212211660772
24710114699401
87851150890630
55151