### Problem Description
patched placeholder

### Your Incorrect Code
```cpp
 #include<bits/stdc++.h>

using namespace std;
using ll=long long;
typedef pair<int, int>PII;
const int N=2e5+10,mod=1e9+7;

void solve()
{
	int n,M;
	cin>>n>>M;
	vector<int>a(n+10);
	for(int i=1; i<=n; i++){
		cin>>a[i];
	}
	vector<int>s(n+10);
	for(int i=1; i<=n; i++){
		s[i]=s[i-1]+a[i];
	}
	map<int, int>mp;
	ll ans=0,L=s[n];
	for(int i=1; i<=n; i++){
		ans+=mp[(s[i]- L%M + M) % M];
		ans+=mp[s[i]%M]++;
	}
	cout<<ans;
}

int main()
{
	cin.tie(0);
	ios::sync_with_stdio(0);
	ll t=1;
	while(t--){
		solve();
	}
	return 0;
}
```

### Failing Case #1
Input:
```
23762 281
168193 91781 907313 56527 203754 539241 1024307 128263 415619 646220 234879 469283 438913 930904 937055 745580 225279 719070 272136 237303 927103 105034 122713 1084755 633535 89902 680449 117352 55858 670300 145086 252373 556161 122962 877943 332898 209907 849865 573694 255154 30279 736202 408397 1009113 551724 408296 630868 386748 686635 470989 195252 302494 126587 681592 484248 988922 488566 368952 774975 486018 261570 81871 484443 544694 272803 53154 1038864 422575 197411 93028 462443 990436 868262 758266 773843 1076559 703963 721932 268766 43980 121578 470434 784997 426274 1058516 779144 73684 750340 81888 633437 625050 765806 69284 129376 606687 567105 271470 242727 617402 634176 596176 369727 85140 346174 674126 1093113 660540 269829 580184 933740 751162 167568 206874 599206 246898 594323 535033 758903 135640 579268 896832 166759 566240 651209 651387 1086451 458899 193026 178893 935893 460340 119296 747544 691152 393807 63924 624097 252658 685305 418710 804899 362539 987071 481314 163546 966888 799233 235604 53463 679038 1005768 897267 320644 695207 715101 185269 381779 1034793 238963 708825 1037634 811553 662668 560706 267035 75427 1000799 858521 486823 4776 956768 832088 1062990 1036055 1078238 485348 485076 214468 343216 961530 828085 336200 1016724 315381 188684 576231 660619 962463 168558 655554 470678 836477 441959 1042337 209861 1021482 688904 727480 517704 843860 622141 915938 422832 1027110 900624 666214 1030431 1048542 945898 32727 766533 454075 320841 377059 601782 142043 531849 247836 95494 498881 574052 1044348 396885 385196 368876 349295 840201 57399 256343 900287 604051 560790 712246 973524 312860 710147 705110 934933 806920 852733 71147 311288 977154 304742 851603 1080404 898815 89925 1043239 655035 493494 142614 370466 32249 309069 657704 287185 806087 726637 125193 119384 565010 64607 18509 4077 130978 726312 434760 665250 442223 1095958 390702 469594 691208 819270 179126 326896 267700 956177 1054431 116367 772816 197680 1083360 68718 774760 724445 146663 946127 759073 75762 552622 733371 457383 665513 241420 215313 957368 822269 565287 490098 1076016 679052 788032 721664 855569 202923 649841 880749 943611 325150 862444 723790 797976 237588 708448 421902 565035 177545 861617 360454 473578 802559 799199 275997 78834 818879 1008781 579864 896659 233091 1042239 1037027 388140 934068 373048 441207 910033 759041 829706 494251 420594 254498 728383 178537 67591 248081 1056170 196012 102877 677768 857025 662367 292744 326665 1081832 688001 334572 138641 356493 257757 742135 472124 403888 341701 146887 964560 710795 530656 672187 883574 568235 507483 235795 442137 427231 174881 432979 616753 144359 857939 575336 472966 500868 128252 731358 851198 94584 309573 869471 408883 314853 661980 987470 718041 1066847 792158 225132 819969 101421 331015 503278 36048 243762 714237 116368 85797 290101 108482 873477 246115 67769 514368 29316 968931 743519 11341 100021 469734 433333 770363 1034268 484568 374964 903964 411004 503973 656637 490389 278594 1057374 1042954 461942 1006359 511132 46781 676724 619465 37592 1029197 358035 692987 86287 187138 754424 834618 225645 531751 788114 558442 78327 70139 597904 796673 1056985 389571 546144 253314 363602 29600 1018352 706578 835290 943516 94144 1023651 25231 309257 1012473 588102 709653 485437 533177 25235 1076416 39585 971120 1003615 384443 687535 791437 193613 491322 982946 850183 51988 107151 207167 226788 572179 366430 896176 796208 1035312 306041 541376 748564 203299 1006740 496707 29211 996594 198269 786142 242785 476988 974164 435147 615345 551565 1020284 63399 1018612 303883 293630 14492 851649 626000 502090 981457 16164 413407 395733 454934 474901 847139 201723 1082235 307802 627645 650131 122939 922902 892868 115372 97839 829216 74134 598430 910401 669376 241421 217523 179892 145000 697607 323965 446968 665833 290502 627585 809939 165124 748720 794835 159144 204555 537645 100116 500327 291033 859767 552498 3787 182085 852332 466962 202492 1081440 102231 611862 300185 1065269 1086385 821279 51779 698766 1059222 633699 24999 998031 516709 904198 125530 1065601 856661 908972 543558 524719 288014 869800 85642 842122 121565 459254 826036 66094 354885 187307 624124 23166 891991 341758 157012 839652 754752 1022649 96250 462425 890444 16718 634760 43304 773534 604827 527803 39754 803193 314198 392209 317883 222697 146871 1087842 645911 292741 590920 460484 1044374 754614 710413 640683 124797 111741 538242 647730 324774 501586 231075 691877 185930 739961 910824 112550 337925 739845 857804 157614 902286 465242 1061826 182863 657778 109522 870514 930176 453876 949412 796673 96015 195957 1056297 659356 232763 400606 851889 355724 237738 141130 1046354 245236 303181 247496 120468 205414 163010 360679 1000107 489425 169384 471488 98201 459708 768584 581345 822100 153281 974859 409261 198789 801785 114101 972933 78588 933753 39448 438852 672472 327398 422415 540941 790478 552463 770219 610384 447231 483302 266919 346245 1013885 358662 322708 1013445 774088 373247 832270 1050027 824429 938420 833542 955087 627162 955951 149166 585864 291452 210515 599310 15559 866868 325180 1100166 23200 559488 1099556 471754 490459 621087 370612 268864 1031199 709909 532628 238281 462125 206825 191298 316102 122839 41603 308930 1023681 487075 1076376 320467 372774 787396 677252 432139 576103 886376 863779 764624 1063194 800975 337423 816240 71631 319636 21615 531821 949464 1016114 752591 592936 275300 200130 586488 277951 863483 1063536 793621 904512 496754 998947 409097 331268 701926 112040 215365 432033 471539 372879 878042 1012253 491312 1085691 548023 901359 592485 148357 212093 389980 569333 74625 903631 822304 202823 744657 563015 916868 779131 255365 758717 749279 678856 67078 932171 499150 648806 314602 676533 570494 471009 470251 560772 438146 513201 425710 360355 610330 962152 764595 768880 901378 814502 586634 1006535 303735 896130 1044310 187471 228020 169147 248128 363939 637751 1016269 311888 887511 81391 1006455 506622 1019387 209705 419879 545728 603663 833283 51981 300439 616496 813754 1008205 56775 896724 507367 857357 919812 794528 402272 35781 780279 512772 1051404 700128 649710 751451 261130 497340 313385 982047 743843 564323 16057 478765 951647 187752 333025 7463 97861 350346 176295 55106 968746 91747 36538 876886 373668 449339 900437 707329 802765 309761 1048540 203891 123677 567344 311452 901239 101845 369257 451232 460353 776292 765196 591840 577812 841432 381531 524825 741225 915101 622455 188078 302006 609226 473877 877717 434310 636517 394375 179774 1000590 213959 681820 933224 487167 678652 779592 1092857 847273 620781 596088 504035 121178 720368 194796 473618 184077 476738 178082 401238 921769 345963 16543 758279 400531 35216 990831 832223 78086 34807 1012589 1055259 324775 132264 771906 350866 119524 83049 801702 1040802 62536 380584 19248 817025 124087 718877 313944 673024 1054208 960702 303677 598834 1078285 690489 1030008 281870 270959 1067555 55213 718934 38944 213337 578031 16029 768127 808477 704354 593803 686229 862150 139607 602101 546595 71615 1001544 895867 801301 655475 65700 112921 283022 186327 651404 578813 485812 793035 491125 170210 180053 416636 322016 370432 106248 887957 289318 33626 34411 448971 608900 714710 492605 36905 856558 826371 1014733 700704 849812 634262 534427 710608 203805 909939 89361 321099 154940 665216 700969 234334 223554 33793 890285 769719 778100 688797 686645 827408 1015455 991466 921409 492199 1011202 282721 190051 443509 503387 669947 64752 585366 806560 978078 395932 147313 216792 776749 1077536 764621 291862 751245 775283 17932 92421 928401 798076 136704 317566 489184 572137 750101 869462 58778 868085 81836 974928 308333 878315 61146 512606 186319 946284 490939 536926 231221 745819 96597 103013 64776 991683 78376 356572 265367 471538 883548 700213 562091 358870 304405 641712 30772 431502 574190 803117 618394 973198 118543 282929 649524 909050 378349 657908 515610 837096 291923 997003 336710 155004 398165 742945 987490 785953 1080716 535767 185024 559653 1085228 669809 614190 450920 431880 497165 722779 410787 303580 213034 919202 357692 803189 668227 570697 556633 935268 394205 478615 359655 707943 330853 1029837 113724 914117 42375 185780 80297 621929 938962 62269 58806 26545 197760 241673 886875 920804 377127 781296 732415 786539 995471 968687 35502 527608 36850 542679 647739 463334 420172 964931 491957 737982 975845 937957 806341 868978 258222 68383 831558 341853 34854 234665 399862 403778 820646 454284 643386 934974 562340 377224 137221 323021 518614 314093 931686 849686 208767 700498 666887 461429 137531 525274 255445 999478 383573 734688 348326 827823 1099197 1075804 186085 799351 356669 365191 391305 310469 464232 103851 178496 435575 606824 124774 597501 1090783 79950 774878 741954 1038109 382278 860341 1022153 218947 805370 374836 457597 336016 598667 468031 897048 379586 670710 472280 981979 589160 709429 1074620 67767 184642 90720 1087948 307523 670949 73340 58659 250903 866394 851669 22682 534525 776894 697091 180867 707183 581891 156421 998942 1666 358868 366400 27253 202340 87067 34672 874308 93760 356365 326694 433686 645939 346670 3564 49724 204063 307223 88495 28370 719532 131765 508470 119929 271250 1071725 1023404 803639 648990 325053 638682 782883 670365 449158 552282 612845 237391 725248 491487 896389 255801 238178 1060131 877295 71950 773654 657131 18389 365619 958886 117895 56490 602724 129822 754439 595450 17373 60580 673959 946476 734200 495457 102630 734101 20792 920072 651746 45574 324305 623444 359561 859367 308486 90379 917954 653021 40533 635497 807577 126860 779560 714631 32643 288729 88792 370194 323663 491888 484224 1089437 511240 299864 1092306 14935 56072 1056215 629358 685202 172429 463473 577724 374995 502538 323123 1404 736389 189525 1019988 458552 716227 965412 673383 588185 937881 861774 913611 1071010 370294 988991 675128 442088 669933 211401 116804 1022423 374738 695464 741298 560761 208050 805754 620926 974293 752609 668604 60189 249681 773418 719489 152778 177261 306244 375097 234876 312750 648134 890817 949815 984138 364531 113110 902838 843076 494859 458740 343500 95939 796650 570431 111158 267478 911817 196404 884660 1020703 936540 613461 851533 35019 777972 585132 507933 207819 655766 680303 530337 1046835 685537 186091 807359 1065583 165072 354834 858097 360015 1094328 561511 224334 840224 449620 434545 553534 791876 871001 936732 971236 417180 708901 227414 840735 860261 51050 982687 308387 612183 390399 989970 312360 1063833 211735 606816 277651 245866 436179 498273 852933 348875 697865 35959 821657 475896 675347 856893 775495 354838 101521 149336 143903 266402 783913 2729 252835 383699 161225 707755 75074 44278 574285 885569 1081857 83837 941328 553788 392720 281758 869186 407221 248171 146155 398029 1003643 609729 670104 59708 414072 272382 408660 203147 790693 989944 1006991 149453 794182 805003 198827 821646 494517 1057202 431241 956715 1056440 647399 228210 489541 139433 995194 262868 413096 855741 123385 695418 886721 807606 451978 785592 266848 654414 955626 343582 654808 799014 894748 14530 574195 232908 275771 642544 525224 82715 887664 526863 136287 894439 492881 326523 843429 266125 697065 268372 947617 1062813 657279 121653 790546 76601 1007773 298662 826255 562566 329453 998923 812920 1074319 139880 357744 156724 1039767 628086 928944 660860 196743 196866 285001 846899 651732 835996 735467 197726 565223 392783 916628 595071 1006732 675851 214217 277790 461238 186705 342733 293869 295278 1037725 172580 438772 728637 895672 351639 267006 758170 410944 414151 771886 799740 538777 524821 288191 480175 863407 284541 1012935 262901 132548 685837 205878 539903 869848 1042813 796653 378697 913725 929708 878709 507987 478180 527145 131459 343351 117987 818930 794096 502077 809151 936288 937839 267020 920084 998108 474495 928098 205897 496627 865025 662753 552767 766767 740151 215543 1061654 452075 212259 776854 543554 713525 436422 441278 246001 1063249 315759 108633 820867 311476 1063182 536427 934520 26161 59324 312494 664993 518761 1006590 520646 1056167 624343 596721 909096 1030671 772581 283497 278128 699516 405736 694361 569208 1081630 770480 1017813 335601 868779 390466 954007 45647 1083111 295346 38455 538457 275768 39228 133868 457403 486595 55287 1063185 644085 160968 531893 472993 416896 548880 977553 1060973 1007191 754685 911655 979361 331824 1023832 714267 1066455 634983 867710 829426 169131 171139 356233 350723 537362 896764 85185 648687 15083 751686 180116 732298 207137 1070837 918640 138891 566073 776841 1009948 836873 704087 1018660 749855 923474 648631 318768 1097273 19918 593983 172821 624551 251795 817885 621776 4229 449364 239357 677642 834038 349838 303386 1099670 1029598 1081067 390046 14727 489751 620188 881324 119517 42942 904719 730938 246889 633907 784150 860402 421450 327823 733775 248900 905002 40544 672832 504645 161372 339839 679660 923970 622969 560885 1080074 459414 1022303 314962 1025360 394120 47012 800331 424231 459486 697796 935601 325897 1070806 638023 760052 627053 1059775 361642 1096579 14009 487840 364771 987168 599148 144573 342055 30282 819726 264311 638419 688437 915715 475482 224335 223206 546846 433848 850041 829104 400545 612346 319186 920873 189949 23846 876027 1051746 899881 850122 143452 409970 157090 525933 490351 906900 817341 403192 1026576 167748 1071507 1023640 1040607 44209 136794 13241 25625 247579 894774 855476 1030738 422149 607287 96705 337800 515286 771847 1071356 346533 74336 1033916 661752 856226 152666 1082522 336011 671192 262931 59177 461913 693354 592793 321877 647993 260662 494620 437689 116865 75383 12910 504096 85759 274034 700224 82510 1072048 523161 1047641 297564 71516 74772 16323 179256 57577 1078328 249303 469195 579996 723753 596142 753622 80822 705642 753961 665227 447471 1051293 720303 419539 677148 1042150 334460 916028 942891 959454 459290 796516 92539 392599 387091 858165 484505 272905 1057127 299790 534925 587583 922106 681389 8854 62157 374714 760418 779266 476235 795293 732773 605276 67359 378012 325893 757949 563436 335338 610913 21202 393572 303476 279749 377833 53797 568137 726357 286676 541006 649148 744192 956478 385721 527757 182146 441878 223771 87459 1049784 882634 902115 841615 336172 399927 834877 581360 536520 37315 906238 736672 319661 824217 374715 183004 991832 1085864 1025515 240532 844011 545522 660272 1029208 409349 714240 645659 36751 392057 565977 629329 491231 814563 214163 628839 941065 935523 12240 893137 621238 703161 651479 1027703 538355 565735 838779 1064923 749593 471180 418822 124171 157346 942995 892326 835850 968532 965614 428059 740487 650857 998510 635818 580525 824668 534139 311194 208956 769772 509716 124062 638608 515781 733255 1008909 548370 1046795 844437 160211 366934 624182 232493 629846 760550 604831 1021552 771779 441307 672279 528075 452660 618917 1007734 249634 989984 905181 89920 847468 687326 653770 84892 659975 626007 381232 632100 479661 160152 208909 505912 169209 617115 242261 1031040 314265 514692 546913 874078 445640 577770 601099 880806 622051 398864 492744 1089558 492987 732126 172537 1089604 421019 123878 359637 582810 437978 844562 1049649 742881 157637 374522 1037945 411420 357433 223833 866481 577027 315426 32788 670388 957641 151751 179887 1032550 546917 300105 1092749 504433 494612 110349 894037 1007082 579899 597355 520687 122593 573877 488686 280424 858595 539559 19915 1028737 1004310 703834 448457 197219 872827 168966 1096512 197825 138914 399027 546992 98085 638392 942176 800892 293858 22592 1032128 525365 1056801 525147 726694 172699 543988 132956 1004868 306316 1017876 947181 602502 305136 915283 949843 586041 983078 982951 276188 734707 332865 363211 217861 984688 709394 560324 500489 300463 598942 143107 255657 211711 1049241 802741 107918 29806 358452 318444 553881 937701 107979 183936 162469 631022 532971 55878 381579 341130 755922 424634 180076 189450 195126 233614 793174 768187 306444 614113 879183 385656 520766 86723 801999 451479 650313 68597 719359 134935 531206 970363 716437 781622 232353 352919 305435 245795 416573 698471 857333 932104 585536 172623 711261 854932 724580 719927 267798 986013 964444 136975 835060 1061757 669206 1099265 1000699 270784 634485 734365 647995 509298 152858 151397 975374 769533 320966 266468 844044 80416 61592 500964 401192 25143 602219 367312 477090 803704 509175 22510 102433 21742 1017092 313517 55316 314936 809203 260979 283355 884919 74337 775780 368112 898771 480667 5756 756709 550026 654810 93913 923230 162558 686047 338457 587540 890763 914767 476375 933908 762123 509993 786006 723796 870596 134373 704588 635643 6402 735609 136864 1058632 505357 763758 1048775 445626 133789 1044037 135012 253030 721651 928670 242576 428072 713902 820613 565126 228976 86316 1093802 993988 380104 922189 1070600 528327 274375 771314 729885 326613 71049 266840 649610 776011 465017 749473 1000357 910188 877854 1056276 379086 1007742 165718 239562 309196 455256 601986 275389 708764 65159 829655 529581 977773 610236 430000 286987 91183 307842 1028829 162102 948871 837084 733010 797009 963236 1000650 234732 627019 896424 275076 110969 269772 787018 980659 994408 248030 159162 677357 816728 384838 98641 51579 592587 26453 351666 493672 224115 806191 532354 88448 738529 304540 953533 26192 625204 514376 125435 596621 911429 15365 713952 22889 519731 868226 1073250 64623 722235 1091647 552419 261557 215479 32368 728758 839645 67625 102902 551740 751493 478962 551744 721053 89029 516630 586315 189333 842573 663345 520113 235994 837088 607779 234414 738837 638451 652355 732367 193708 1086495 840195 576997 282543 782254 798000 532507 1010808 734492 371454 819932 1081132 492390 450202 785622 622053 960517 268661 144886 496684 121716 539651 569310 64032 1026057 281435 945575 200229 733781 524316 573272 617850 973618 707485 636700 821873 475287 785705 1041480 1064086 198527 443144 457252 297788 65017 710235 1057385 956205 750171 315837 198233 444805 189698 1020632 613995 875190 321485 29129 651286 871556 883813 851216 403375 493364 341980 242201 534475 1026440 893441 702905 526087 1046525 1049969 554722 862108 78328 797913 318367 595219 733387 470645 497865 130102 581840 913939 737544 634742 118921 151849 1055542 996011 871955 933408 2939 1022413 802923 682250 14868 886944 517652 236984 661702 359251 490414 125740 660698 180301 582430 366014 170461 1040964 268492 1040363 241275 694775 403774 20137 287214 939880 1088327 497500 1036683 132927 63032 1091704 488849 502383 208958 164977 974100 744852 531389 283154 214793 743501 410723 442513 418469 758179 224004 579932 645309 912138 494797 653489 233394 19587 855544 136262 1536 382812 955570 599749 602357 899973 87555 96520 939184 949943 730169 902580 822877 500490 332459 753407 418809 912713 532286 710590 60654 360065 366840 315209 108532 347847 875600 644064 53011 1086134 611621 980669 569903 326184 490668 634676 701587 685748 596061 824385 436376 413383 1080534 762271 659984 94861 626825 658756 1076714 493520 790807 667113 619962 610788 416739 234829 117477 885229 620097 602350 317766 639129 412497 977059 574164 137275 640999 452837 298693 1083626 558570 865148 481201 168562 765853 911764 635619 980877 174666 967419 339662 57502 798627 132231 486507 123896 79909 568791 849588 598798 1006676 165161 423787 82251 18097 516866 1088149 345361 667599 892143 1061139 798245 813672 946013 496214 26464 423370 681579 137412 836771 303315 697357 902274 855132 257876 910055 94041 607606 661115 337415 829627 164288 530735 295924 147518 579582 644838 919872 748928 1040412 1028276 670464 114240 135230 805500 17218 183642 52531 364500 246964 959069 180265 680127 391141 27355 1081740 603653 617644 505700 514815 550730 235665 818041 20739 728811 790231 657216 933055 1076117 306255 779706 727144 237675 77181 905503 144827 939005 251647 838358 576753 929468 945056 171864 834203 119357 774057 451087 1006106 596864 676839 127669 207548 363000 256962 5852 941276 736057 445653 732865 410038 971702 558408 636306 882221 611233 462065 207108 547706 113918 334072 863700 468613 184737 743047 508717 601971 99308 887764 430008 49854 344098 323069 637593 959965 338962 904290 757370 506947 353268 251163 299931 1012254 999970 417374 294130 30270 223167 789713 965474 166562 700088 517836 1063054 36613 849790 513267 235895 842769 793617 1082447 210898 855520 764228 258059 800643 471835 483600 366010 248803 381339 1004933 923782 450146 376110 29827 764367 624723 953142 971863 540524 978639 1021481 947950 238802 424864 400829 396514 280297 524893 141821 914287 563509 526523 1091466 726552 639196 933336 571506 740407 1072704 84068 202089 170108 61685 847569 44599 122701 327861 325890 328477 859532 379432 234309 787868 356066 416491 533742 1004586 1087278 86804 734618 1041543 151480 148324 974199 1020863 763997 156515 110415 914303 994782 89291 123081 271158 338128 619541 1003810 605458 1070290 631540 1090821 1063387 447703 881002 557654 825803 143932 291020 886394 587719 531289 766535 865201 129931 936731 94626 106637 574448 91112 387018 112870 788649 672068 608513 485832 408049 271668 697800 809786 25933 862164 455321 520315 526647 311534 536644 556172 175135 566869 1035291 454520 550094 942719 351375 441530 916053 291899 39680 604955 1045157 210462 467959 230365 966170 403966 236483 202823 617440 887016 757014 246882 940379 23416 109883 590728 688216 921350 408416 767305 478338 773096 186849 815141 13280 984673 54402 256631 230715 378053 576923 732640 171367 321929 281114 953324 867859 352813 533951 896786 209823 362520 38255 260851 881488 10730 507368 339769 646765 369993 473470 1087092 661834 467469 281960 946809 1056463 546461 124580 908971 898563 855451 571107 679622 505013 640378 845910 233430 214251 934951 600768 343351 618726 1076196 942158 365684 879933 633313 840182 292636 686687 862865 1074755 236575 585119 577210 13951 161512 159000 94018 26258 332726 870105 511152 958725 639539 364386 953234 469708 514110 207794 118196 633287 196339 265433 890059 1040361 845917 11642 410777 874324 342606 718462 110761 403679 890392 583574 92135 332619 509318 368093 321223 612917 143518 21440 1073083 293628 60934 869069 474247 839660 912578 397584 65661 563851 593529 640360 660430 654395 33441 116068 870099 335844 27460 877369 794700 387409 85264 263489 1030618 794001 398514 333976 590616 847799 664852 734170 1036045 805320 135207 628022 867846 1077622 823097 1098485 137223 1066511 473084 36027 540876 674132 1044953 194706 104523 548143 1009916 627749 438710 112262 384374 937966 764410 892582 826985 707669 1003220 784298 826287 23750 57071 1052190 273641 704875 477277 17434 455746 437988 1039633 704739 242203 145153 50711 220492 100668 1093185 183948 1033456 47541 487334 61891 626239 700143 471148 505453 605234 1065238 413368 689614 133238 512325 10304 117193 1061075 568218 144146 544400 291091 237002 881210 182352 358002 603736 320944 808860 675500 862696 485219 161676 550209 368701 506466 366744 4870 726375 641742 735362 764486 161490 57995 873567 713202 827165 912473 43067 551945 1092775 425762 626355 959856 462986 769320 703826 220886 896400 324043 527626 1016020 569035 1040227 515571 563080 1015471 405722 337062 968952 718802 561484 942729 16329 150667 177288 676714 204208 29961 489835 1046614 300542 160631 379034 331035 40218 293127 1012733 310133 200462 217926 763448 491681 1036006 807300 787928 608392 343655 563912 1023172 98681 881267 51704 303498 26647 37866 524292 132205 687787 126630 948027 896261 776260 618925 199510 589778 897545 188070 108380 805547 635108 513362 592668 746739 36071 457597 351633 321696 1071460 915314 196594 58963 412097 996285 950644 743412 30510 909334 344820 930696 867276 938191 940120 95129 714526 1098728 1089448 147942 411502 524693 1034744 503941 819592 611301 394987 239838 627273 188474 251642 793291 285723 418159 28836 157088 314833 45288 144028 705666 433507 166316 412599 911068 120113 400389 889133 723804 443171 521112 945106 716155 402555 249380 788314 379863 1006366 15218 855520 146578 108309 595565 101049 1074577 223298 696710 940576 352745 488849 725585 903979 623564 113064 291989 653773 69689 79898 730404 397978 1070504 819875 811330 103050 575670 491295 850737 319532 810309 173579 690130 168641 356602 776249 684412 648024 806567 862480 911306 996557 638009 454015 169361 400032 925653 873351 782711 821291 1078304 463553 86101 7377 1058267 1008968 309925 148811 1060988 1000340 435187 151575 845266 545497 469882 441116 1045749 416223 1060877 148855 998117 847532 1011017 548920 821498 708497 174271 703608 454917 903089 637036 1055734 932063 372266 107388 872683 724342 586885 713174 873845 558647 876825 630804 460573 145874 619109 910139 476340 258032 476448 425646 481041 578653 975408 929262 977488 83336 644420 810678 712992 42327 966924 219409 973205 317838 297427 155850 837906 320408 567788 1077464 1016135 542432 561219 658733 683424 543847 229492 573466 831349 281373 1022201 214590 987197 193265 844670 158025 60672 1070270 55246 324809 15859 881398 85436 1033229 845354 862800 471438 342528 435182 686441 260497 249869 6088 379555 258536 753814 836142 349063 1023820 46304 365452 875327 417960 154306 764466 684750 703738 276308 87056 1086188 405903 725049 921553 783215 6745 545823 572555 5216 281134 122996 585660 55119 790777 752999 524779 655081 749412 984051 739127 784559 542278 93070 777452 759571 667875 28791 1151 26992 23143 636628 138756 605367 183915 1093934 19495 492725 79795 33061 782447 640016 1096569 367348 1000553 635821 635356 100587 286491 571400 533684 1034230 1007891 835906 134242 860447 683481 526867 329240 501042 414772 593396 623463 422592 883477 967374 64230 875275 507298 153953 676141 358209 359860 286032 753106 14124 763340 882807 338690 900341 278191 197573 759655 395371 80618 399138 671866 773527 143890 321596 796881 893612 152235 184247 79950 653644 218511 53636 1074544 981155 956288 1038602 452817 404843 893929 697911 24153 649007 420526 384102 229588 276018 868976 131919 713597 1047308 863986 472582 370268 119080 939288 5178 587178 551045 76497 617621 576941 512949 832856 751163 837405 650289 515899 151664 744119 327892 883042 674834 116610 262574 851065 1085201 830681 219644 465892 402166 170611 457424 730618 187528 1013722 996820 490537 363985 36711 898713 525602 67533 195378 1056742 919850 878003 1071694 976957 793504 69323 483102 44554 695688 19132 1085266 817775 477092 910889 501658 127526 1013716 712499 1023963 649534 715528 950375 322600 18187 398041 412634 225846 706123 863249 169012 260185 622678 249683 217348 967516 871622 285165 412329 664319 870946 277243 651071 923191 864674 928098 913389 303875 1036802 780372 72973 413285 150304 362956 254862 1037127 837578 738018 133934 148645 10598 262358 935132 86931 1091639 594841 939722 223874 528284 915571 1037159 437921 473397 908215 621431 191956 285922 416196 682591 167308 230027 83661 622786 1010920 85274 655835 245623 1001395 343763 130587 762299 718282 426310 580100 893658 1022889 666764 164594 54570 1062472 360092 274884 845715 1042088 910879 44231 227960 800129 597940 424202 269745 723343 92159 546211 93433 227533 93453 973891 321672 744386 20988 925358 1038326 625301 324153 144216 781508 158184 268762 937704 1037512 386144 409987 897441 201987 1095524 1062123 659960 294993 345984 760003 818873 38099 1048848 162998 831575 462163 1055973 58022 931053 1042155 1002044 964130 682866 1023253 278604 223856 559555 1093292 644431 1016330 199352 317002 95256 797652 931343 984831 648712 185768 793111 243047 634534 266795 1026364 880347 614514 1092193 941190 841480 892642 127396 434950 1026353 786957 607108 135168 652599 949027 419641 341868 1053892 230670 1060500 497780 135797 831168 148553 11442 264968 96432 357530 965721 80902 912936 550539 769628 154180 987517 1021442 173347 863115 682516 1061983 325220 819841 6357 720478 629582 883737 158254 688352 914387 901787 5145 921795 1005353 864825 261926 782702 686786 126242 535232 261131 61800 305483 796969 1065063 358449 519266 462572 457994 970490 616001 922761 931540 343760 406449 564729 6461 717746 494460 859767 803666 991338 139546 1054362 1062744 857907 991187 428554 550902 408961 887477 680591 30537 291212 428581 79686 897453 450654 900678 243968 1056496 21525 415887 1072083 979437 890717 669381 249017 1072226 1001469 791629 1011475 231532 848933 300732 480676 693511 157068 754323 316520 625130 185392 706773 908242 455513 351752 235140 513748 166037 19492 526211 710216 415957 69512 236976 876238 745549 657127 1048432 301021 872457 939081 520320 892028 989118 858903 44100 696090 183229 55779 639146 482315 173629 978291 202944 548507 286207 412522 221686 838138 174471 974753 263876 191321 599369 446814 77460 966208 876152 1087228 179907 465173 81395 976292 347481 899639 799763 874958 58240 701386 158341 769764 371134 823001 611925 453997 461479 137026 728228 61352 754454 332625 150275 317379 73546 1061576 1027756 492027 802760 161552 938256 127794 254717 824332 141384 432947 167441 165564 539244 636411 925805 623334 498948 989132 726488 346717 392542 701011 985067 428456 1071792 68515 691526 806297 267602 565545 1039906 833154 495802 1030431 181318 935318 286989 206137 1083836 850200 215195 788179 236664 819655 399962 848403 526315 438926 319910 58788 394306 718360 981665 1077529 915154 315764 730873 1071169 226992 137609 466104 551449 367293 981738 848895 778147 634897 124775 837338 483283 690407 53708 23324 436398 885968 528269 441552 814748 362950 602098 1091151 983101 1099312 61521 350921 437709 1055365 1079208 380549 95592 259459 341952 954811 570009 282756 593274 803053 1063825 706884 844160 164559 124322 700867 682469 603026 100454 797150 179660 173235 297178 304609 58523 541650 219865 945172 218509 888164 882269 659827 60814 718902 855768 668995 339547 629351 610721 626315 586984 827217 814568 236263 904945 284137 124302 736068 788227 198358 293153 909451 338099 355799 170513 304578 662747 407905 214725 739968 224458 598955 575308 429340 176209 972022 1088163 307992 591938 693652 666072 14213 229722 194814 666069 683548 1007052 898968 262351 563191 328686 550798 117570 170439 772276 635586 741787 308372 1059438 295047 206262 509286 68329 469886 121733 645114 943263 389883 705594 993264 611024 608124 322093 110593 356227 894521 672800 194508 879381 230204 1065925 42610 282567 610192 500221 365978 533506 810654 144199 360981 630856 546506 748927 618901 538026 790689 353820 1017701 42226 827399 646500 561554 521731 378658 1060577 585003 392929 82755 485166 671834 177419 932478 1064178 603010 1011808 1090068 138489 417046 23518 882262 958384 95979 408159 363717 10072 80936 2614 589885 360944 243623 352330 746687 871664 969066 126236 613301 575495 629291 558338 22828 891824 989868 297476 876883 716434 927682 941311 366164 558828 888761 436588 760293 82664 390816 548327 294967 717590 922058 727845 321336 337136 835925 107377 634925 109092 646400 719146 297582 1097057 339773 270786 924468 708122 397509 640659 378778 967078 488768 54128 1077290 384180 607642 668192 322138 789568 607366 1086479 584544 199682 344766 635200 88431 165740 145432 286186 999960 144676 1002238 635429 83181 540911 578373 98498 697174 995320 299782 145595 934024 663315 469072 174498 660259 188133 68816 879130 636104 403333 895125 394606 755413 611975 842067 733664 483965 778977 456462 768679 510794 413495 318654 828206 157928 352623 54216 75789 34873 581600 1003246 419065 788846 771993 623751 117602 655992 319312 893108 450605 431046 409211 715188 838669 1049895 595888 840689 25974 42382 467342 216059 306763 344563 1085023 266793 558123 487129 753087 334645 726488 63336 951733 153235 30487 732565 846697 165050 825438 208614 502521 437566 1003306 817733 1053470 734780 705711 48098 862163 434452 379215 196908 1064600 22947 927005 388437 484168 70326 59321 716276 237167 85 476170 12396 434441 590723 194375 1044046 935997 824094 115574 85713 586825 989341 577730 288112 913795 74574 1054104 1075971 876605 158285 159661 1018282 1003460 997531 893049 47408 120228 259451 154104 547271 1092115 652475 756066 72025 962676 335122 662671 693773 595069 449280 1078297 716780 163317 173991 419744 459504 815699 137210 197178 171122 87389 896477 412717 385634 1018265 415253 505725 395740 458455 200163 1057575 178734 507564 130247 520000 667902 851678 780596 276343 356198 570014 641199 488389 862626 295122 836786 931594 261573 585606 691529 291051 28134 473225 403120 527265 66041 860678 455144 254041 283266 1097541 1007741 84075 327697 178913 118462 276970 652251 286359 932455 251200 610753 938179 279094 47780 1040835 681317 195927 493054 816408 974330 1090865 632319 175842 445657 1029144 352043 1044604 293600 1053638 500047 531465 713304 762393 722187 1009363 193662 80800 341683 196535 218144 787246 763721 914059 326904 768922 705294 308863 501509 11226 429194 372678 42401 649058 1086093 829897 772003 28086 115234 364128 276873 293762 389591 687557 553052 34317 179046 347808 529927 318662 1031393 575925 519458 565327 754240 12910 836604 31186 790746 867624 161164 487606 154602 379164 344562 1015320 53821 234226 214310 858345 23829 949128 705214 1093285 262131 353465 54806 66829 147039 926363 805795 920766 712991 771811 792446 750893 568072 993041 1016822 1019430 840595 848158 233360 273519 394879 116224 1016076 605248 346884 463156 958711 197312 838319 1097735 847382 877575 363462 281741 1093930 807235 438178 393348 174313 790306 141902 124325 956851 838774 406149 367559 26743 1098532 446235 493690 257429 558286 324971 459035 82677 668840 1013417 479728 374984 486063 292465 544213 1092960 811754 950149 1002242 747046 379558 488277 246032 615793 536282 960882 454420 635417 839957 755248 458813 705443 727988 201481 177330 810090 589421 1066853 692100 229913 917036 922016 645458 1058295 920064 219819 1070035 440951 413477 835509 75164 228025 1065322 903922 146096 687773 891053 1063514 769981 881909 463076 627494 651935 334721 588937 243073 431384 912739 411586 259114 946352 582577 931820 1088593 394674 637735 252853 657704 880295 556993 971252 919360 29704 180543 260663 640817 958118 579728 798222 1096349 943354 894220 770499 81937 407880 249593 379658 293269 140856 568011 555774 834512 262059 884047 893692 1011380 1041442 490975 468806 824646 15052 596585 668524 1036945 376439 689832 732483 985025 301012 441724 712939 879091 652197 626729 1035787 404473 868210 196223 206571 1004940 597182 967091 639975 76251 174552 1029342 458032 822484 957996 644143 887151 62687 900552 854053 859910 571998 165907 612295 937804 560246 101450 490540 633432 866328 200130 483768 342030 22047 543791 589613 440680 13742 780980 210648 374519 17931 968148 1035191 845437 177929 517929 387981 168851 129749 405358 274145 858260 284173 673566 826998 416841 115406 360513 127736 44614 89406 613134 1092636 870891 198349 121665 1046013 466698 577760 495526 1079422 511524 326935 913362 585569 424683 839046 556113 729723 369150 123815 856349 156158 782939 8171 740701 821612 623965 515361 667092 650694 844448 979332 250797 807702 67170 888941 489029 309973 712883 185782 349296 654266 419384 304910 809031 582435 320458 590379 736236 214762 879054 1077516 1080127 904398 931537 340801 893668 231384 921190 655124 39438 689056 184087 599908 334372 1005377 1013685 852661 85290 370930 721154 446083 696331 26210 712746 1023528 242229 70420 229453 556434 950246 407071 727926 537366 536269 128310 958069 381950 598814 972609 515314 833988 1086394 352078 141675 22906 433365 816927 804994 1078558 635717 1094812 356304 919688 303601 18625 36675 709688 302588 747015 615162 896892 718004 616375 84534 536144 969814 878232 465694 284931 653619 833490 733267 748492 607573 897756 742316 938165 1094349 1080383 140973 784126 227448 286992 521874 64592 1010936 272546 173585 928580 377450 191589 47623 639222 1076914 35799 854711 167322 727967 714246 1031651 478744 760146 820430 575836 459541 8923 834738 141345 365252 384045 751549 998071 856188 147543 958202 507516 253013 583068 92038 400355 173998 861199 391063 608098 791816 326714 769373 951750 3022 50645 170191 1011228 745370 624827 171392 48454 384057 840721 184967 820462 791888 119282 753417 248775 744190 611307 403949 1020167 1010885 437908 383761 150520 963608 151833 1036468 478461 730639 1095183 634202 112591 831798 482939 712803 284123 322983 243049 254963 464040 343311 890089 299308 967105 436906 842730 331571 169020 559236 784575 138232 53780 666092 456396 827314 1038165 731366 515830 894280 309810 976126 767369 287315 495084 893961 314515 985268 573175 602544 416340 814311 786100 536169 239153 178769 399176 980831 513560 906126 562680 936628 745466 631683 333488 467890 285081 367599 514528 102687 450835 400652 220893 541900 701344 182888 611715 327270 1088387 54834 274035 462251 422401 939132 270914 768509 1024657 448907 928997 150935 327703 484673 535794 376066 189461 223468 58660 932717 34148 521471 478602 160795 378781 807554 133865 642619 797673 751205 877448 764222 861272 286154 925261 583254 584197 552305 638212 1031818 355916 950963 710565 645920 721383 510168 754012 275300 866728 750749 579909 403997 424969 983218 330279 458826 97625 583437 463223 1042366 882876 1013857 684857 359586 155342 121550 781995 1042074 645278 146910 910390 792508 710181 531271 293525 252580 737504 631668 960004 667955 738081 1084888 209556 122551 891272 927830 786428 240304 1061235 498471 555036 758594 454400 980025 653991 682979 1038741 357116 625815 220215 575197 854654 156012 134232 189588 985 78187 980994 516267 842995 1000823 514036 1016118 73945 602025 372407 18858 145564 174452 125389 963210 65521 657678 724349 252069 465184 348924 253883 950844 115055 638602 1024361 594574 1095423 741510 524920 600957 181371 499706 261486 231801 904748 124634 950258 855957 560688 311839 5646 161599 271464 911815 907129 165680 469218 860975 221588 767650 66688 971718 697560 847090 33638 809587 781717 1054344 711999 204831 96163 385677 445362 63841 766321 587701 195895 610266 36620 604031 166825 315346 1023920 370903 479590 955065 56595 466589 825065 119003 190436 968548 349505 1052700 386970 1075283 990393 751598 394706 398734 6358 983539 302231 969130 238019 1094241 990406 882970 168047 986741 43689 1029329 231300 423391 228845 578050 90471 274420 562499 1070285 48321 121197 766306 334203 14619 612559 451376 204278 131421 360496 517915 644552 434309 347613 253832 401805 727235 850272 566413 177303 290201 367762 280962 65623 450098 33499 256214 155501 610036 637872 729466 806544 1093342 30808 1088944 399518 290650 996758 965081 813180 359102 593979 55624 222426 950688 555466 584516 1016183 616748 74904 1536 533319 835360 186664 172983 47831 509666 531304 939348 552041 269247 985678 862815 762030 40006 144660 703762 163558 456032 989288 912109 913738 198408 793544 807377 88154 343487 925972 762402 681412 103861 468947 156895 216023 390901 921196 45572 333100 367895 303813 390618 551416 50584 641213 1022282 31445 889771 545215 770513 226419 230487 245239 539785 313362 217769 276417 692057 350494 488645 153984 794768 672590 369032 97464 870173 496531 691271 511889 435861 220906 663059 592184 1064348 444758 714396 411257 881992 739249 226647 870551 446981 246504 580863 191478 234891 1031518 404160 637170 968989 476786 947078 425892 630740 913712 38961 784 447447 556848 49555 358312 354152 12838 228277 501933 891097 136984 647070 138883 675650 288644 478661 992555 317323 113863 268810 230426 588434 861803 415660 227418 343431 1046656 514668 791651 382127 648851 257984 51530 8719 246134 320748 424205 976004 593175 748146 161575 129029 1046154 600998 254653 340289 796651 649307 119360 1069607 779643 454108 829102 406343 781368 724442 838362 105623 55030 754564 1026544 588523 854848 22838 763160 121495 653564 118341 756383 867444 914452 415330 507382 909505 394279 160481 171725 900482 904456 868644 937410 989318 897285 637188 405741 589909 799297 498719 731196 282525 771585 502789 942941 871995 335804 197015 163863 631729 483267 56392 327923 223090 880974 468460 274703 251887 530883 714259 655158 1052610 739585 697153 909346 863882 825504 617245 929094 591310 645851 858919 470211 830335 405040 416381 387043 307272 326788 546998 875305 37643 23412 262804 897564 833720 344538 1031009 459119 6910 644537 595620 183130 521885 916686 17028 221523 881860 701089 68697 294948 1053825 135460 147546 110701 823522 90710 258788 250830 595585 881951 166276 563396 881829 929493 296772 988293 370017 598001 82265 798425 391874 747878 290091 166809 929915 281771 95054 361875 742300 343479 853340 540190 757916 734480 1023595 209540 934886 425973 239179 563718 1008419 957346 641413 686764 932353 269707 685417 536263 887179 813117 94982 313165 572213 1038882 93003 436591 20362 132348 1083573 796853 700029 527574 1065909 229189 604441 707375 974122 353744 61445 698070 511394 212385 597057 517326 756005 864097 451406 1012812 976715 596651 195565 702357 663686 354733 867922 173654 714858 23670 129188 50341 757798 1066724 794101 657007 190617 940682 816494 818964 1053552 245418 22292 430978 65994 775379 600987 959630 101976 931172 175729 655946 100464 409477 2514 674574 44844 470612 447900 563109 209425 642300 925288 710402 1039098 304208 239222 936400 529849 159039
```
Your Output:
```
1008218
```
Expected Output:
```
2009130
```
Error Analysis: Line 1: Got '1008218', Expected '2009130'

### Your Task
Fix the C++ code to pass ALL test cases (including hidden ones).

### Critical Guidelines
1. Focus on algorithmic correctness - NO hard-coded values or special cases
2. Ensure proper data structures and complexity (aim for O(N log N) or better when possible)
3. Handle edge cases (empty input, single elements, max constraints)
4. Use standard C++20 features; avoid non-portable code

### Output Format
Provide ONLY the complete fixed C++ code in a single ```cpp block.
