20528673
510
240
1426350
628773908
60
44262
23875
190596
380
120
1
342580362
159898
225123
1880
99615740
2928960
2430
161070118
2928
3
66
253624
3067056
205173
225650
1248876
1004740
165
106249809
429896700
58429
11503626
269153
67771800
55613580
12600
61212
7341
-96342272
34
2066922
1052
10773126
5841954
412
8
1778
34
240
44343259
500148
30
668288
92799
139524
29431853
449280
13200
64552221
41
28
22812
298669314
69510
51722
420429690
176
63520035
348
182286169
24
3412488
742
1047
257530
6340
4
580918
1354
-951541676
14784
2746170
390164
12
191577
9
76811910
2348464
11641056
348370
1288073332
60623136
4243500
486777
1768
2549495
319
99
131445
449994
426420
361866455
40532736
5398
248412
57440084
1748
11856
3109246
1155869
8253812
1844162856
11649706
8095
3752
136
52960848
1375180983
145277
289149539
4896585
909
165603620
1626222
1149724
74018452
1531818
365514440
2
488866
35224289
5080
10392057
601423349
640
188
3466368
1835841904
2816
6
2398848
516615
93
796
168
776
3136
18638477
359785783
4653312
69200
339
136
1553075
106055777
973400
1516
436565808
2708697
930
146943
108108
2358
29188
7618401
208923
14140
-1045331747
3135
51454950
600
6930998
168
52163550
11025
166502
691108
15488
239680
816
16195
70
4830117
61
216056
3456
325338
1487868
1020
3292
14424
1428
2013
42654
41798400
558090
5324859
6
46368
1176240
59144
-839814189
12467
475444725
17249535
555964
169770600
28
9976384
5392
6
31005
5729880
195860
117
30
66
188
529609248
347427472
4699334
21165
32000287
392
13908574
49
8064
-1851636328
15899
1188288250
71388
183223
792
-950284917
8622216
193041
1002718
7500
97536
3095
40665
18
527528
1205
206203100
9208
2205008
621
403104
3488
114705
388752
310746
1400933930
380
14576
139
5438
13272
710892
6653046
4
5413648
757305
1327098
189732
15111
7
592
286572
1137
42117
3306554
1440418720
117868
20
10074
882816
6440
51446032
14441
1000508
4
45
165748
7593500
3857280
1006830
205285766
2072230092
7482807
4880
495
16046776
8992098
408
30357093
6
17689
363290
8
47
204191
84308183
71731440
582496
5185818
1177947
64214535
3320
4284
69872
786007
114569
9104067
1285176
1
2
317504572
871472
6752
40
3916
1713161
-394926032
485335793
2050686
25680
1
31679
106119
7824
2541
82928190
179531100
573141729
10078974
33611776
58223286
12
539396
416234
9890
2010
5148
47916
10541965
276312
2800688
936384
117943
4977
118704
2734
3096
163944
122650
3346
493
58017
6933126
27573448
73006
64
327910625
243675
9899576
6280379
1700
970114
12630
392
1820429
204541050
125404160
82021851
2280
1862
3242911
281589
59956
382722783
6727
32025420
552640
420
8
280
914240
65329
29030
3610
992
1217568
-1749845868
4
15270
-752573573
75320
9
1574316
31681500
108630450
1643000
41413680
10
11469
38893
10
858704
255292905
6798
23769950
5
5266014
4553
6401184
369022833
1291248
1167600
4
4860
796026
6632
94650
27
6156704
100432
2036
14
8
76
15234390
1127455588
294030
33514700
2113275660
28403
161
79825
37011
2046
259839
222272
24576
134976
1355203
24543
420843601
315
184080
1362
1352
17
23589336
90377
49178
511360
344110
194656
1504687350
116144
1547664
6
4536344
11229
1023808
2769901
3376
27540
324002
496
901450
17244
87
2316470
163590460
2170840
280
204
4
1198017
10320
55309
52
1224
53996241
13074124
287672
186
3
463
1320
235
45
2666405
29960
1270
96
29567
2487820
7108790
80940783
110
1830200470
6
7412104
3329235
3419670
43
907
503799
135400
23414
5551
212
25548824
230489856
677
166044
50188
492303308
1
6769576
-1570981491
311004
357570
12902
6
8
97244
1621199330
25485
630
51296
343149
597730224
14434706
4
30
669247677
1342
206
40927020
751716
24870660
624
42
256252
744279
129
15200
673808
12857967
-962029728
7359290
118918114
724
4563775
101505
113463
2022
28422480
71
1024
365
50350280
95940
2729364
2464
3586
60564
301917
3584
90604
4074021
98
274727684
260599038
912
8
696164
2856
784
564764
126
8
11384037
102
597252
2706
2444
532
17
-783185838
5562360
4128
-1486561152
-1753479569
225420
183742
1830427
17
-330447088
8782294
4368
3013656
4001666
1395550132
12656
1
23754
15476
121904
7445
8537452
9984
-1796369986
1309200
1649047528
4390
1
165
57279304
12459
229256670
6926612
21
112600
276
688
2576
1
3374
24822056
24894688
4118624
16
63960
547004357
830440
640390
36
2013
-1157754026
2889
630648
7462
21835
410
4246500
480
17400
10
71676
8
125892
10400
173796
266640
6464
546
41295659
-2083028732
4
34740
525870
9480072
349222
592959925
183915
1229950
1
1992
33084
9
1639561
390184
27239176
81620916
681
2115
12554
-926629583
2255550
2457
8
142080
234
21294
2884
322
94
636
-1118153028
2
124729
1703
747229378
8
-1842834858
1169142
120872346
9381510
22536
2154960
340
134912
11222976
541260
243
7485
685
674274
26
1195964
169257
859248
261562
7467252
4628
620
649122
201712
208
47873055
20460
1
3181325
918464
124256
16
3644500
155093115
2774296
201477
870697384
14364
137735
20600
7480
12000
26060
166859
27
249
29244
10879
62582688
1029
22209876
25504
148819
7316
1363566555
7224
7223
254
49804
1598584
417180
23716
2
4
918
18171828
9135
94137
24603
118448
-366523682
392
13932
52206
306
79400
51775
58503
102268
178600613
104200
728598
456
101618
61094
91816
1541016
675
7927491
-267155224
3581739
251944
1180
288262
70098
60172
23
3266
672
953404
890071975
412327440
26970
247941648
1088
5250
25045
1106046
1181726
34422
42
439175240
25844
32
2
659912400
69632
68
108384
1285
3481752
342398850
33775840
20498608
4273101
9438
1164280
8663112
449
363036
1364
215416
470
525647320
1937577972
4249
1869
174
3798990
128
146007
4698
8178
41120
1
1578346
135577586
136116584
368566741
14850180
462756390
381
71275422
1390793664
50836267
1
1276
5227578
4029
39436
10315404
6815215
1309508
458471846
15637
14256
6
394576
700
72
57792801
48
10160100
80262
1403
30005
4462370
25840
2338678
4
1793311835
21021088
44458512
358644
7
6486
5844
90747
12888
16
4
547240
433646
1177605
5664
2676
32316
3192
12897356
38155
12481775
4600569
450
43621150
38732
2700
2296293
659
17266816
1716
625608
5
243989
240654
168048
718032
2524
26729
129792
747456
193164882
53718
23876
25317552
607024
52193520
1261574008
37138743
2073967
236
2732274
137741754
82
446
6352127
8104
2120
40
30
484
1007285
3653104
3
231952
175160
484806285
34465
500726008
87425080
489001350
60
2038316
3960
130620
226
2390619
385355845
1348
1466520
150275
4648
12122634
1351273208
14906331
38356
5067756
14
311231337
13
5125
249284
407207494
19091295
45
1466244
32086
780
180466
12096
12
165
3392
30
59220
3324
5162
1091264
1308388
390726
214
243560544
473
160
5705
63230
497582558
45
158895
55312
338760
330100680
61594
25127388
1197
3885
6921435
136804778
10
17934
49786
4099
700
6406
35
7208
620529
1086512
83209
51965982
46
560
2339
1481578
15796086
7152
433748
200039
5994
14850
97530
102816
188277471
974
12904768
4920036
12416
33372
1
2440
1813773836
49024
308
4
12104
4296
980
685
15414
34060
979
186753560
2848
7809285
315244027
1330463680
172772
94686
6931
3610
1288
1339507
179867
276420
13564586
90
15244866
2752164
132489808
12816078
12123105
271
1810116
123502
19551
344180168
16
2602948
18562
679588668
1
706645
144
822
-197713884
3375
533052918
4966
38506
1815
1229551
4
1296
2101
1475
432
11
108
107133
47413
729010001
12463581
4975776
13413
902
1266430
3127590
2061045
343753020
303050
232398486
5394
16380
1063920
1415535
2038168
3550297
201792
870147
39195
30407160
24120
74694
875313816
16340
8
3734650
8517
90664
252928
79431
961155
11206
19356624
224
137856
38588
265977
42898
33935
1692414
-799990592
546040
5028
509093222
7421
462560
99284
1224
100156
2492
192775
26700
677
64263
6158
3
13355650
42770
18060
397580
2059200
3719175
20201056
10
6
310969980
60387588
4758
17
9543947
3716
104
6328
160341
71779344
11817
9804
430935
484
1089
641907
52336
125952
96322362
1252
3276
118744
14308050
140
1959220
10
2920
70
889
837
365034320
8252
888
7894032
663880
7904260
55
468464
5763384
3080
351268554
63
411138
1599312
1589
12664320
2018
867930
1
136675
2073750
15
48324
39285
4617019
84996
16679
337880816
957696
18205
432
4775588
480
609390
-1307840723
91
740601014
1810644
6658
1884599262
46
92
107032
5396676
262416
70504
369
1641001
138430720
178539621
9990
88
19800
68889
1113
11356
1015581
2614255
16254840
15171
5741042
103368
6356
6
24
9171228
320608700
1253773
77624
120
51666