### Problem Description
Score : 475 points

### Problem Statement

You are given sequences of length N: A = (A\_1, A\_2, \dots, A\_N) and B = (B\_1, B\_2, \dots, B\_N).  
Let S be a subset of \lbrace1, 2, \dots, N\rbrace of size K.
Here, find the minimum possible value of the following expression:

\displaystyle \left(\max\_{i \in S} A\_i\right) \times \left(\sum\_{i \in S} B\_i\right).

You are given T test cases; solve each of them.

### Constraints

* 1 \leq T \leq 2 \times 10^5
* 1 \leq K \leq N \leq 2 \times 10^5
* 1 \leq A\_i, B\_i \leq 10^6
* The sum of N over all test cases is at most 2 \times 10^5.
* All input values are integers.

---

### Input

The input is given from Standard Input in the following format. Here, \mathrm{case}\_i denotes the i-th test case.

```
T
\mathrm{case}_1
\mathrm{case}_2
\vdots
\mathrm{case}_T

```

Each test case is given in the following format:

```
N K
A_1 A_2 \dots A_N
B_1 B_2 \dots B_N

```

### Output

Print T lines. The i-th line should contain the answer for the i-th test case.

---

### Your Incorrect Code
```cpp
#include <bits/stdc++.h>
using namespace std;
const int maxN=2e5+5;
int t,n,k,a[maxN],b[maxN];
pair<int,int> p[maxN];
bool cmp(pair<int,int>p1,pair<int,int>p2){
  if(p1.first!=p2.first) return p1.first<p2.first;
  return p1.second<p2.second;
}
int main() 
{
    ios_base::sync_with_stdio(0);
    cin.tie(0);
    cout.tie(0);
    
    cin>>t;
    while(t--){
      cin>>n>>k;
      priority_queue <int> q;
      int sum=0,ans;
      for(int i=1;i<=n;i++) cin>>a[i];
      for(int i=1;i<=n;i++) cin>>b[i];
      for(int i=1;i<=n;i++){
        p[i].first=a[i];
        p[i].second=b[i];
      }
      sort(p+1,p+1+n,cmp);
      for(int i=1;i<=k;i++){
        sum+=p[i].second;
        q.push(p[i].second);
      }
      ans=p[k].first*sum;
      for(int i=k+1;i<=n;i++){
        if(p[i].second<q.top()){
          sum-=q.top();
          q.pop();
          q.push(p[i].second);
          sum+=p[i].second;
        }
        ans=min(ans,sum*p[i].first);
      }
      cout<<ans<<"\n";
    }
    return 0;
}
```

### Failing Case #1
Input:
```
200000
1 1
51
402523
1 1
255
2
1 1
40
6
1 1
222
6425
1 1
165991
3788
1 1
60
1
1 1
6
7377
1 1
23875
1
1 1
6
31766
1 1
380
1
1 1
4
30
1 1
1
1
1 1
8534
40143
1 1
62
2579
1 1
75041
3
1 1
20
94
1 1
556
179165
1 1
6780
432
1 1
162
15
1 1
18821
8558
1 1
488
6
1 1
1
3
1 1
11
6
1 1
196
1294
1 1
2832
1083
1 1
447
459
1 1
2
112825
1 1
2763
452
1 1
220
4567
1 1
1
165
1 1
4049
26241
1 1
161010
2670
1 1
491
119
1 1
2147
5358
1 1
79
3407
1 1
16370
4140
1 1
110
505578
1 1
70
180
1 1
2
30606
1 1
7341
1
1 1
237092
126400
1 1
2
17
1 1
31317
66
1 1
263
4
1 1
414351
26
1 1
253998
23
1 1
2
206
1 1
8
1
1 1
1
1778
1 1
1
34
1 1
240
1
1 1
26891
1649
1 1
9
55572
1 1
1
30
1 1
1472
454
1 1
491
189
1 1
7
19932
1 1
24547
1199
1 1
1755
256
1 1
13200
1
1 1
32751
1971
1 1
41
1
1 1
4
7
1 1
3802
6
1 1
32457
9202
1 1
2317
30
1 1
1
51722
1 1
27135
15494
1 1
44
4
1 1
373
170295
1 1
2
174
1 1
154349
1181
1 1
6
4
1 1
14709
232
1 1
1
742
1 1
349
3
1 1
910
283
1 1
1585
4
1 1
2
2
1 1
44686
13
1 1
2
677
1 1
400587
19068
1 1
352
42
1 1
30
91539
1 1
206
1894
1 1
4
3
1 1
10083
19
1 1
9
1
1 1
522530
147
1 1
3967
592
1 1
1019
11424
1 1
55
6334
1 1
9857
130676
1 1
240568
252
1 1
90
47150
1 1
486777
1
1 1
136
13
1 1
3965
643
1 1
29
11
1 1
3
33
1 1
5
26289
1 1
111
4054
1 1
1
426420
1 1
433373
835
1 1
2136
18976
1 1
5398
1
1 1
1956
127
1 1
18577
3092
1 1
874
2
1 1
26
456
1 1
14
222089
1 1
1507
767
1 1
518
15934
1 1
11202
164628
1 1
401714
29
1 1
1
8095
1 1
1
3752
1 1
8
17
1 1
430576
123
1 1
138753
9911
1 1
11
13207
1 1
43897
6587
1 1
83
58995
1 1
909
1
1 1
2660
62257
1 1
26
62547
1 1
12497
92
1 1
10943
6764
1 1
56734
27
1 1
14396
25390
1 1
1
2
1 1
7
69838
1 1
8857
3977
1 1
5
1016
1 1
128297
81
1 1
41355
118399
1 1
128
5
1 1
2
94
1 1
7344
472
1 1
354329
29424
1 1
22
128
1 1
6
1
1 1
16
149928
1 1
103323
5
1 1
31
3
1 1
1
796
1 1
42
4
1 1
1
776
1 1
448
7
1 1
697
26741
1 1
5777
62279
1 1
15936
292
1 1
10
6920
1 1
3
113
1 1
4
34
1 1
41975
37
1 1
643
164939
1 1
248
3925
1 1
2
758
1 1
18628
23436
1 1
47521
57
1 1
2
465
1 1
146943
1
1 1
108108
1
1 1
3
786
1 1
1
29188
1 1
1557
4893
1 1
69641
3
1 1
28
505
1 1
177529
115077
1 1
209
15
1 1
165450
311
1 1
30
20
1 1
41753
166
1 1
28
6
1 1
950
54909
1 1
1
11025
1 1
7
23786
1 1
226
3058
1 1
22
704
1 1
29960
8
1 1
408
2
1 1
3239
5
1 1
1
70
1 1
327
14771
1 1
1
61
1 1
1
216056
1 1
3456
1
1 1
3
108446
1 1
12
123989
1 1
4
255
1 1
823
4
1 1
1803
8
1 1
3
476
1 1
2013
1
1 1
21327
2
1 1
7775
5376
1 1
15
37206
1 1
1377
3867
1 1
3
2
1 1
224
207
1 1
1352
870
1 1
1
59144
1 1
91027
415425
1 1
1
12467
1 1
96537
4925
1 1
193815
89
1 1
277982
2
1 1
5275
32184
1 1
7
4
1 1
3256
3064
1 1
674
8
1 1
3
2
1 1
15
2067
1 1
52
110190
1 1
97930
2
1 1
117
1
1 1
1
30
1 1
33
2
1 1
188
1
1 1
4704
112587
1 1
1337
259856
1 1
162046
29
1 1
415
51
1 1
4609
6943
1 1
28
14
1 1
58
239803
1 1
1
49
1 1
4
2016
1 1
24986
97788
1 1
1
15899
1 1
20939
56750
1 1
1983
36
1 1
1
183223
1 1
198
4
1 1
64505
118435
1 1
69534
124
1 1
89
2169
1 1
501359
2
1 1
500
15
1 1
32512
3
1 1
3095
1
1 1
15
2711
1 1
2
9
1 1
23
22936
1 1
241
5
1 1
12020
17155
1 1
1151
8
1 1
21202
104
1 1
207
3
1 1
100776
4
1 1
4
872
1 1
12745
9
1 1
28
13884
1 1
155373
2
1 1
2810
498553
1 1
1
380
1 1
7288
2
1 1
139
1
1 1
2
2719
1 1
948
14
1 1
236964
3
1 1
62178
107
1 1
1
4
1 1
7199
752
1 1
45
16829
1 1
7627
174
1 1
94866
2
1 1
1679
9
1 1
1
7
1 1
37
16
1 1
3674
78
1 1
3
379
1 1
303
139
1 1
19919
166
1 1
6448
223390
1 1
58934
2
1 1
5
4
1 1
46
219
1 1
36784
24
1 1
8
805
1 1
358
143704
1 1
1
14441
1 1
2
500254
1 1
1
4
1 1
9
5
1 1
22
7534
1 1
379675
20
1 1
128
30135
1 1
405
2486
1 1
68383
3002
1 1
207693
196092
1 1
5157
1451
1 1
2
2440
1 1
11
45
1 1
68
235982
1 1
7407
1214
1 1
17
24
1 1
237
128089
1 1
3
2
1 1
19
931
1 1
4274
85
1 1
2
4
1 1
47
1
1 1
113
1807
1 1
25933
3251
1 1
36228
1980
1 1
436
1336
1 1
1089
4762
1 1
9
130883
1 1
1855
34617
1 1
4
830
1 1
12
357
1 1
69872
1
1 1
421
1867
1 1
7
16367
1 1
207
43981
1 1
160647
8
1 1
1
1
1 1
2
1
1 1
227276
1397
1 1
217
4016
1 1
2
3376
1 1
1
40
1 1
1
3916
1 1
89
19249
1 1
47192
82642
1 1
4783
101471
1 1
93213
22
1 1
15
1712
1 1
1
1
1 1
31679
1
1 1
11791
9
1 1
1956
4
1 1
1
2541
1 1
25485
3254
1 1
6762
26550
1 1
41403
13843
1 1
39681
254
1 1
1408
23872
1 1
32673
1782
1 1
12
1
1 1
24518
22
1 1
182
2287
1 1
23
430
1 1
1
2010
1 1
117
44
1 1
2
23958
1 1
1855
5683
1 1
2382
116
1 1
176
15913
1 1
64
14631
1 1
4067
29
1 1
7
711
1 1
59352
2
1 1
1
2734
1 1
258
12
1 1
198
828
1 1
11
11150
1 1
14
239
1 1
1
493
1 1
699
83
1 1
3491
1986
1 1
268
102886
1 1
36503
2
1 1
4
16
1 1
7775
42175
1 1
9025
27
1 1
83
119272
1 1
469
13391
1 1
850
2
1 1
62
15647
1 1
12630
1
1 1
98
4
1 1
233
7813
1 1
58675
3486
1 1
3584
34990
1 1
9563
8577
1 1
20
114
1 1
133
14
1 1
463273
7
1 1
159
1771
1 1
4612
13
1 1
851
449733
1 1
217
31
1 1
508340
63
1 1
276320
2
1 1
15
28
1 1
1
8
1 1
35
8
1 1
57140
16
1 1
11
5939
1 1
5
5806
1 1
1805
2
1 1
16
62
1 1
32
38049
1 1
144818
76890
1 1
1
4
1 1
7635
2
1 1
99311
122165
1 1
9415
8
1 1
1
9
1 1
6966
226
1 1
150
211210
1 1
1675
64854
1 1
8215
200
1 1
13860
2988
1 1
2
5
1 1
3
3823
1 1
38893
1
1 1
10
1
1 1
50512
17
1 1
749
340845
1 1
6798
1
1 1
25021
950
1 1
5
1
1 1
746
7059
1 1
29
157
1 1
524
12216
1 1
1761
209553
1 1
2196
588
1 1
1680
695
1 1
1
4
1 1
972
5
1 1
42
18953
1 1
3316
2
1 1
30
3155
1 1
1
27
1 1
3656
1684
1 1
2
50216
1 1
2
1018
1 1
1
14
1 1
4
2
1 1
4
19
1 1
38
400905
1 1
126635
246316
1 1
363
810
1 1
7270
4610
1 1
105494
101458
1 1
1
28403
1 1
1
161
1 1
15965
5
1 1
13
2847
1 1
31
66
1 1
1
259839
1 1
27784
8
1 1
24
1024
1 1
2
67488
1 1
15227
89
1 1
24543
1
1 1
173687
2423
1 1
315
1
1 1
1560
118
1 1
2
681
1 1
13
104
1 1
1
17
1 1
27208
867
1 1
90377
1
1 1
134
367
1 1
40
12784
1 1
2
172055
1 1
1738
112
1 1
22690
66315
1 1
14
8296
1 1
4
386916
1 1
2
3
1 1
8278
548
1 1
57
197
1 1
1088
941
1 1
433
6397
1 1
2
1688
1 1
20
1377
1 1
46286
7
1 1
62
8
1 1
605
1490
1 1
36
479
1 1
29
3
1 1
178190
13
1 1
3226
50710
1 1
15506
140
1 1
1
280
1 1
2
102
1 1
4
1
1 1
44371
27
1 1
5
2064
1 1
1
55309
1 1
2
26
1 1
24
51
1 1
689
78369
1 1
24122
542
1 1
28
10274
1 1
186
1
1 1
1
3
1 1
1
463
1 1
55
24
1 1
5
47
1 1
9
5
1 1
91945
29
1 1
10
2996
1 1
5
254
1 1
96
1
1 1
29567
1
1 1
53
46940
1 1
1937
3670
1 1
3937
20559
1 1
22
5
1 1
479738
3815
1 1
1
6
1 1
428
17318
1 1
819
4065
1 1
341967
10
1 1
43
1
1 1
1
907
1 1
183
2753
1 1
677
200
1 1
23
1018
1 1
7
793
1 1
1
212
1 1
952
26837
1 1
200078
1152
1 1
677
1
1 1
1644
101
1 1
50188
1
1 1
84836
5803
1 1
1
1
1 1
7156
946
1 1
8845
307969
1 1
36
8639
1 1
15
23838
1 1
6451
2
1 1
1
6
1 1
1
8
1 1
14
6946
1 1
51647
31390
1 1
1699
15
1 1
6
105
1 1
6412
8
1 1
114383
3
1 1
13494
44296
1 1
32006
451
1 1
4
1
1 1
15
2
1 1
21843
30639
1 1
61
22
1 1
206
1
1 1
820
49911
1 1
13188
57
1 1
148
168045
1 1
208
3
1 1
1
42
1 1
2
128126
1 1
93
8003
1 1
129
1
1 1
5
3040
1 1
4
168452
1 1
117963
109
1 1
6712
496564
1 1
19730
373
1 1
973
122218
1 1
2
362
1 1
39685
115
1 1
15
6767
1 1
1801
63
1 1
1
2022
1 1
1840
15447
1 1
71
1
1 1
1
1024
1 1
365
1
1 1
49460
1018
1 1
7380
13
1 1
14674
186
1 1
4
616
1 1
326
11
1 1
147
412
1 1
3921
77
1 1
3584
1
1 1
45302
2
1 1
63
64667
1 1
49
2
1 1
53108
5173
1 1
471246
553
1 1
4
228
1 1
8
1
1 1
1081
644
1 1
408
7
1 1
28
28
1 1
1042
542
1 1
21
6
1 1
2
4
1 1
93
122409
1 1
51
2
1 1
2804
213
1 1
22
123
1 1
52
47
1 1
2
266
1 1
1
17
1 1
30137
259042
1 1
123608
45
1 1
688
6
1 1
179360
39604
1 1
446591
53777
1 1
6630
34
1 1
183742
1
1 1
61
30007
1 1
1
17
1 1
38544
102857
1 1
239
36746
1 1
56
78
1 1
8
376707
1 1
93062
43
1 1
13327
104716
1 1
28
452
1 1
1
1
1 1
23754
1
1 1
7738
2
1 1
121904
1
1 1
7445
1
1 1
154
55438
1 1
96
104
1 1
7890
316679
1 1
43640
30
1 1
347096
54247
1 1
2195
2
1 1
1
1
1 1
1
165
1 1
584
98081
1 1
4153
3
1 1
7941
28870
1 1
44
157423
1 1
1
21
1 1
563
200
1 1
3
92
1 1
344
2
1 1
23
112
1 1
1
1
1 1
241
14
1 1
5453
4552
1 1
208
119686
1 1
67
61472
1 1
16
1
1 1
615
104
1 1
47903
11419
1 1
31940
26
1 1
170
3767
1 1
6
6
1 1
33
61
1 1
225881
223046
1 1
107
27
1 1
12
52554
1 1
2
3731
1 1
21835
1
1 1
205
2
1 1
424650
10
1 1
16
30
1 1
435
40
1 1
1
10
1 1
11
6516
1 1
8
1
1 1
2
62946
1 1
5
2080
1 1
24828
7
1 1
3
88880
1 1
3232
2
1 1
13
42
1 1
42529
971
1 1
69652
31757
1 1
2
2
1 1
5
6948
1 1
175290
3
1 1
42
225716
1 1
617
566
1 1
8425
70381
1 1
183915
1
1 1
34
36175
1 1
1
1
1 1
332
6
1 1
3676
9
1 1
1
9
1 1
149051
11
1 1
302
1292
1 1
467
58328
1 1
1446
56446
1 1
227
3
1 1
1
2115
1 1
6277
2
1 1
43321
77753
1 1
15
150370
1 1
21
117
1 1
2
4
1 1
740
192
1 1
6
39
1 1
78
273
1 1
103
28
1 1
23
14
1 1
1
94
1 1
159
4
1 1
207202
118974
1 1
2
1
1 1
4301
29
1 1
1
1703
1 1
7814
95627
1 1
8
1
1 1
337038
262141
1 1
26
44967
1 1
574
210579
1 1
90
104239
1 1
313
72
1 1
2952
730
1 1
170
2
1 1
136
992
1 1
64
175359
1 1
3
180420
1 1
1
243
1 1
7485
1
1 1
1
685
1 1
224758
3
1 1
1
26
1 1
4942
242
1 1
56419
3
1 1
3672
234
1 1
833
314
1 1
3804
1963
1 1
2314
2
1 1
20
31
1 1
3
216374
1 1
1801
112
1 1
104
2
1 1
330159
145
1 1
3410
6
1 1
1
1
1 1
35
90895
1 1
127
7232
1 1
16
7766
1 1
16
1
1 1
500
7289
1 1
5403
28705
1 1
28
99082
1 1
3
67159
1 1
17273
50408
1 1
228
63
1 1
845
163
1 1
4
5150
1 1
1870
4
1 1
400
30
1 1
13030
2
1 1
23837
7
1 1
1
27
1 1
3
83
1 1
9748
3
1 1
253
43
1 1
496688
126
1 1
1
1029
1 1
117
189828
1 1
12752
2
1 1
913
163
1 1
236
31
1 1
31833
42835
1 1
2
3612
1 1
7223
1
1 1
127
2
1 1
4
12451
1 1
6472
247
1 1
15
27812
1 1
23716
1
1 1
1
2
1 1
2
2
1 1
51
18
1 1
589
30852
1 1
21
435
1 1
1
94137
1 1
1
24603
1 1
4
29612
1 1
113874
72215
1 1
392
1
1 1
2
6966
1 1
1
52206
1 1
3
102
1 1
7940
10
1 1
25
2071
1 1
3
19501
1 1
4
25567
1 1
1409
126757
1 1
2605
40
1 1
9341
78
1 1
114
4
1 1
298
341
1 1
2
30547
1 1
2
45908
1 1
17
90648
1 1
1
675
1 1
663
11957
1 1
213284
99434
1 1
7
511677
1 1
44
5726
1 1
10
118
1 1
1
288262
1 1
70098
1
1 1
1
60172
1 1
23
1
1 1
1
3266
1 1
24
28
1 1
32876
29
1 1
38573
23075
1 1
16560
24899
1 1
435
62
1 1
1944
127542
1 1
4
272
1 1
1
5250
1 1
1
25045
1 1
258
4287
1 1
301
3926
1 1
6
5737
1 1
7
6
1 1
178301
74728
1 1
52
497
1 1
1
32
1 1
2
1
1 1
3096
213150
1 1
2176
32
1 1
17
4
1 1
32
3387
1 1
1285
1
1 1
1912
1821
1 1
14730
23245
1 1
39830
848
1 1
139
147472
1 1
983
4347
1 1
66
143
1 1
116428
10
1 1
27
320856
1 1
449
1
1 1
1
363036
1 1
341
4
1 1
215416
1
1 1
2
235
1 1
1042
504460
1 1
73524
26353
1 1
607
7
1 1
1869
1
1 1
6
29
1 1
13
292230
1 1
16
8
1 1
9
16223
1 1
4698
1
1 1
174
47
1 1
1285
32
1 1
1
1
1 1
2849
554
1 1
1766
76771
1 1
312194
436
1 1
3769
97789
1 1
255
58236
1 1
1335
346634
1 1
1
381
1 1
6726
10597
1 1
3504
396916
1 1
149
341183
1 1
1
1
1 1
58
22
1 1
113643
46
1 1
237
17
1 1
4
9859
1 1
418
24678
1 1
37
184195
1 1
443
2956
1 1
7262
63133
1 1
15637
1
1 1
72
198
1 1
1
6
1 1
394576
1
1 1
700
1
1 1
18
4
1 1
29683
1947
1 1
6
8
1 1
12780
795
1 1
7
11466
1 1
23
61
1 1
1
30005
1 1
1243
3590
1 1
6460
4
1 1
44126
53
1 1
2
2
1 1
118327
51453
1 1
1342
15664
1 1
2149
20688
1 1
57
6292
1 1
7
1
1 1
138
47
1 1
2
2922
1 1
1
90747
1 1
3222
4
1 1
8
2
1 1
4
1
1 1
136810
4
1 1
53
8182
1 1
19305
61
1 1
12
472
1 1
446
6
1 1
2693
12
1 1
19
168
1 1
53516
241
1 1
13
2935
1 1
499271
25
1 1
112209
41
1 1
450
1
1 1
459170
95
1 1
19366
2
1 1
675
4
1 1
9689
237
1 1
659
1
1 1
392
44048
1 1
132
13
1 1
12
52134
1 1
1
5
1 1
243989
1
1 1
12666
19
1 1
24
7002
1 1
28
25644
1 1
2
1262
1 1
26729
1
1 1
4
32448
1 1
204
3664
1 1
1226
157557
1 1
1
53718
1 1
2
11938
1 1
24968
1014
1 1
22
27592
1 1
15315
3408
1 1
9869
127832
1 1
159
233577
1 1
7
296281
1 1
118
2
1 1
151793
18
1 1
3363
40958
1 1
41
2
1 1
446
1
1 1
3527
1801
1 1
8
1013
1 1
1060
2
1 1
20
2
1 1
2
15
1 1
242
2
1 1
8759
115
1 1
18928
193
1 1
1
3
1 1
14497
16
1 1
580
302
1 1
3897
124405
1 1
6893
5
1 1
8234
60812
1 1
62180
1406
1 1
1745
280230
1 1
4
15
1 1
72797
28
1 1
440
9
1 1
622
210
1 1
113
2
1 1
217329
11
1 1
207739
1855
1 1
4
337
1 1
132
11110
1 1
150275
1
1 1
28
166
1 1
49279
246
1 1
54380
182810
1 1
3179
4689
1 1
172
223
1 1
228
22227
1 1
7
2
1 1
22021
209173
1 1
1
13
1 1
5125
1
1 1
14
17806
1 1
475425
100230
1 1
111645
171
1 1
1
45
1 1
81458
18
1 1
122
263
1 1
3
260
1 1
1
180466
1 1
32
378
1 1
12
1
1 1
55
3
1 1
32
106
1 1
5
6
1 1
846
70
1 1
1662
2
1 1
58
89
1 1
4012
272
1 1
9214
142
1 1
7
55818
1 1
107
2
1 1
30552
7972
1 1
473
1
1 1
2
80
1 1
7
815
1 1
31615
2
1 1
5962
83459
1 1
45
1
1 1
14445
11
1 1
8
6914
1 1
15
22584
1 1
228760
1443
1 1
2678
23
1 1
351
71588
1 1
1197
1
1 1
3885
1
1 1
34435
201
1 1
5027
27214
1 1
2
5
1 1
1
17934
1 1
73
682
1 1
1
4099
1 1
35
20
1 1
6406
1
1 1
7
5
1 1
1
7208
1 1
88647
7
1 1
178
6104
1 1
7
11887
1 1
222
234081
1 1
23
2
1 1
35
16
1 1
1
2339
1 1
7
211654
1 1
298
53007
1 1
1192
6
1 1
433748
1
1 1
1
200039
1 1
2
2997
1 1
75
198
1 1
97530
1
1 1
238
432
1 1
95427
1973
1 1
974
1
1 1
493
26176
1 1
11
447276
1 1
32
388
1 1
3
11124
1 1
1
1
1 1
61
40
1 1
62349
511292
1 1
16
3064
1 1
22
14
1 1
2
2
1 1
12104
1
1 1
1432
3
1 1
140
7
1 1
1
685
1 1
2202
7
1 1
2620
13
1 1
1
979
1 1
34552
5405
1 1
356
8
1 1
2491
3135
1 1
167951
1877
1 1
208864
6370
1 1
3676
47
1 1
1
94686
1 1
6931
1
1 1
5
722
1 1
322
4
1 1
13
103039
1 1
179867
1
1 1
12
23035
1 1
4231
3206
1 1
90
1
1 1
126
120991
1 1
34
80946
1 1
104984
1262
1 1
417
30734
1 1
557
21765
1 1
1
271
1 1
100562
18
1 1
2
61751
1 1
931
21
1 1
4423
77816
1 1
8
2
1 1
13628
191
1 1
1
18562
1 1
16269
41772
1 1
1
1
1 1
31
22795
1 1
4
36
1 1
411
2
1 1
43684
93793
1 1
375
9
1 1
129319
4122
1 1
4966
1
1 1
26
1481
1 1
33
55
1 1
6869
179
1 1
1
4
1 1
48
27
1 1
11
191
1 1
1
1475
1 1
2
216
1 1
1
11
1 1
6
18
1 1
123
871
1 1
1
47413
1 1
8317
87653
1 1
169
73749
1 1
42528
117
1 1
3
4471
1 1
2
451
1 1
57565
22
1 1
558
5605
1 1
9
229005
1 1
9594
35830
1 1
1450
209
1 1
39537
5878
1 1
6
899
1 1
1
16380
1 1
806
1320
1 1
471845
3
1 1
19
107272
1 1
36601
97
1 1
50448
4
1 1
981
887
1 1
3015
13
1 1
71715
424
1 1
6
4020
1 1
74694
1
1 1
17706
49436
1 1
5
3268
1 1
1
8
1 1
3305
1130
1 1
1
8517
1 1
22666
4
1 1
128
1976
1 1
913
87
1 1
106795
9
1 1
13
862
1 1
174384
111
1 1
32
7
1 1
68928
2
1 1
4
9647
1 1
9
29553
1 1
482
89
1 1
5
6787
1 1
31341
54
1 1
497760
15650
1 1
34
16060
1 1
2
2514
1 1
67861
7502
1 1
1
7421
1 1
57820
8
1 1
2
49642
1 1
2
612
1 1
686
146
1 1
356
7
1 1
25
7711
1 1
6675
4
1 1
677
1
1 1
1
64263
1 1
2
3079
1 1
1
3
1 1
76318
175
1 1
182
235
1 1
10
1806
1 1
198790
2
1 1
2880
715
1 1
218775
17
1 1
66064
65318
1 1
5
2
1 1
6
1
1 1
120531
2580
1 1
10291
5868
1 1
793
6
1 1
1
17
1 1
502313
19
1 1
4
929
1 1
13
8
1 1
6328
1
1 1
87
1843
1 1
49299
1456
1 1
1313
9
1 1
228
43
1 1
28729
15
1 1
4
121
1 1
1
1089
1 1
91701
7
1 1
6542
8
1 1
1312
96
1 1
4289
22458
1 1
313
4
1 1
4
819
1 1
59372
2
1 1
465
30770
1 1
2
70
1 1
489805
4
1 1
2
5
1 1
730
4
1 1
1
70
1 1
127
7
1 1
31
27
1 1
51940
7028
1 1
2063
4
1 1
3
296
1 1
11342
696
1 1
132776
5
1 1
91
86860
1 1
1
55
1 1
46
10184
1 1
456
12639
1 1
385
8
1 1
183814
1911
1 1
9
7
1 1
15813
26
1 1
11
145392
1 1
1
1589
1 1
256
49470
1 1
2
1009
1 1
14
61995
1 1
1
1
1 1
355
385
1 1
69125
30
1 1
1
15
1 1
16108
3
1 1
485
81
1 1
11
419729
1 1
6
14166
1 1
1
16679
1 1
1456
232061
1 1
29928
32
1 1
331
55
1 1
8
54
1 1
1423
3356
1 1
120
4
1 1
67710
9
1 1
97505
118733
1 1
91
1
1 1
263278
2813
1 1
132
13717
1 1
3329
2
1 1
111258
16939
1 1
46
1
1 1
2
46
1 1
4
26758
1 1
786
6866
1 1
77
3408
1 1
4
17626
1 1
369
1
1 1
2677
613
1 1
640
216298
1 1
259883
687
1 1
10
999
1 1
44
2
1 1
22
900
1 1
22963
3
1 1
7
159
1 1
2
5678
1 1
338527
3
1 1
3955
661
1 1
840
19351
1 1
15171
1
1 1
97
59186
1 1
8
12921
1 1
1
6356
1 1
2
3
1 1
3
8
1 1
25058
366
1 1
23740
13505
1 1
5381
233
1 1
4
19406
1 1
60
2
1 1
109
474
1 1
6
41697
1 1
18
18170
1 1
417
193965
1 1
83265
1034
1 1
2
2768
1 1
420
569
1 1
2
13780
1 1
589
1
1 1
308
201296
1 1
954
49
1 1
24942
39081
1 1
1037
1
1 1
1
3
1 1
1
20
1 1
37776
29122
1 1
2135
1
1 1
3
28743
1 1
2
66
1 1
246
40
1 1
13
14343
1 1
16
2714
1 1
2
1
1 1
1609
9657
1 1
39700
154
1 1
10846
118919
1 1
24081
5
1 1
1
4
1 1
1181
40101
1 1
1603
123674
1 1
2
371
1 1
2
8
1 1
1428
48317
1 1
5393
254
1 1
1
7
1 1
16
3853
1 1
6
115
1 1
19
1
1 1
189985
224
1 1
47249
3
1 1
1
227
1 1
1
24
1 1
38515
7
1 1
9230
68496
1 1
31
37495
1 1
12
14496
1 1
367
1
1 1
5
808
1 1
3452
33
1 1
1
4
1 1
13
3
1 1
1
40704
1 1
218
804
1 1
236
234166
1 1
4
1596
1 1
207137
184548
1 1
47816
97
1 1
285
1
1 1
44
37
1 1
47801
4
1 1
2588
2
1 1
142483
2219
1 1
315
3275
1 1
1
352
1 1
51719
16302
1 1
2
603
1 1
2
854
1 1
33
67
1 1
331
643
1 1
1
1
1 1
12
37964
1 1
25979
32
1 1
864
462944
1 1
10472
206
1 1
37320
89084
1 1
16
5443
1 1
94
1
1 1
1
341
1 1
51
16
1 1
501
42575
1 1
238381
536
1 1
3
2625
1 1
1
2
1 1
2
41
1 1
2
10733
1 1
6
278
1 1
1570
18082
1 1
115
133
1 1
4
24
1 1
450
5
1 1
458258
390552
1 1
730
235181
1 1
7
328
1 1
86
16
1 1
5840
17
1 1
8521
481240
1 1
1
4
1 1
3663
103
1 1
2229
501
1 1
1375
330624
1 1
25
220585
1 1
56
1
1 1
535
25
1 1
3288
4601
1 1
6
1
1 1
2
29494
1 1
361
3
1 1
106
201
1 1
86
155
1 1
1
27
1 1
855
205
1 1
3600
5208
1 1
20735
1659
1 1
10792
105855
1 1
26592
22
1 1
1
10
1 1
8
177
1 1
4590
50
1 1
1848
2
1 1
1
14120
1 1
1
10
1 1
2175
6
1 1
28149
39471
1 1
1
19
1 1
1
13
1 1
2
2
1 1
29933
10
1 1
25
4779
1 1
3486
5492
1 1
1
98766
1 1
137
28304
1 1
43
5
1 1
253628
1284
1 1
705
208761
1 1
44366
29621
1 1
63558
1
1 1
218
8
1 1
321
10
1 1
63
514081
1 1
1650
3
1 1
2
7123
1 1
16
140
1 1
156
1
1 1
2
26
1 1
1
780
1 1
4271
14554
1 1
29887
1
1 1
98
7992
1 1
22
131
1 1
31080
2
1 1
241877
300
1 1
8024
77918
1 1
117717
3
1 1
3
105
1 1
4
1
1 1
1
2
1 1
302
25830
1 1
3
223763
1 1
12751
1541
1 1
1
1742
1 1
173
493
1 1
2
1868
1 1
8
24766
1 1
128
10709
1 1
39714
223404
1 1
21736
29531
1 1
3863
6081
1 1
20
19357
1 1
54866
476
1 1
72
6486
1 1
1
3
1 1
24099
2
1 1
169745
1
1 1
30178
3
1 1
19630
11
1 1
4
10
1 1
1073
365
1 1
781
232
1 1
377
7053
1 1
2176
1477
1 1
7
3
1 1
3906
10
1 1
7
11073
1 1
16
115562
1 1
35
116
1 1
2195
700
1 1
1
6407
1 1
5794
104
1 1
1
2350
1 1
2268
1
1 1
1564
496
1 1
3
12
1 1
1
54
1 1
57
646
1 1
4
63864
1 1
1
457
1 1
509
6
1 1
248
563
1 1
4
8
1 1
11
121633
1 1
318
492
1 1
51034
11292
1 1
6782
4
1 1
3
18194
1 1
1442
1903
1 1
25
114124
1 1
1
1252
1 1
289125
108596
1 1
1450
2
1 1
29
8963
1 1
3505
17
1 1
145
2
1 1
16408
1
1 1
390
445
1 1
219
4436
1 1
186
46
1 1
1
1
1 1
155
238
1 1
7
846
1 1
1
391
1 1
361
415
1 1
625
254
1 1
3964
581
1 1
1
8
1 1
35858
1468
1 1
59080
273
1 1
54
358
1 1
717
9165
1 1
2597
1
1 1
196130
2
1 1
212
3670
1 1
179688
1
1 1
92640
33
1 1
506
186
1 1
2506
2
1 1
1111
274407
1 1
97087
13
1 1
2614
27579
1 1
1
49
1 1
4618
8010
1 1
1013
6
1 1
2
1
1 1
982
88
1 1
151
211734
1 1
29
6256
1 1
91978
1470
1 1
3742
1
1 1
43597
79231
1 1
61565
8
1 1
40
2
1 1
12846
98508
1 1
127
22746
1 1
19
241
1 1
36
3
1 1
3
196420
1 1
956
2460
1 1
14833
2
1 1
2457
7
1 1
188
12762
1 1
273826
1716
1 1
1
418
1 1
207
15035
1 1
12496
21947
1 1
1
99
1 1
42539
21
1 1
107387
4
1 1
13339
3
1 1
1811
10837
1 1
1
102791
1 1
7
240
1 1
1421
2453
1 1
5054
1
1 1
23065
181917
1 1
1
2
1 1
2817
93297
1 1
1
3
1 1
22960
1
1 1
21858
26
1 1
1
78247
1 1
11
19717
1 1
1234
1269
1 1
32362
2
1 1
9464
3
1 1
7791
4
1 1
1
27851
1 1
39
3
1 1
210992
221
1 1
393
14
1 1
2061
41681
1 1
1
2123
1 1
1
1
1 1
62218
429
1 1
200
99
1 1
232619
41
1 1
42
176
1 1
64576
15
1 1
2
66
1 1
2017
18882
1 1
58911
116466
1 1
1758
2
1 1
1362
22
1 1
476
11
1 1
4
15979
1 1
3375
1888
1 1
10967
135729
1 1
3
1
1 1
923
998
1 1
159
56
1 1
1
2
1 1
7
256
1 1
8
392
1 1
14619
4
1 1
7277
156296
1 1
170
246079
1 1
6
1
1 1
35
30
1 1
285
12
1 1
6465
64199
1 1
469
254780
1 1
2
2216
1 1
10750
51
1 1
1
915
1 1
3
31
1 1
4
35
1 1
112
1118
1 1
4963
3500
1 1
220
31427
1 1
2
6609
1 1
16214
674
1 1
279
28
1 1
17
326279
1 1
69843
14
1 1
27132
60578
1 1
21
9752
1 1
8202
9
1 1
28162
2
1 1
7
254039
1 1
33780
670
1 1
325856
14609
1 1
51046
4
1 1
1224
4
1 1
589
168
1 1
1130
2
1 1
58
3
1 1
216
1
1 1
166
2497
1 1
667
51
1 1
83655
1
1 1
10
26541
1 1
4
11
1 1
2
1
1 1
1
11552
1 1
10519
208170
1 1
9
50
1 1
247700
37749
1 1
286
5558
1 1
10
480
1 1
14
2134
1 1
15831
5679
1 1
41
1
1 1
7995
10219
1 1
1
1
1 1
15
7520
1 1
45
4
1 1
13334
21
1 1
17181
4
1 1
47
6392
1 1
52850
20605
1 1
342
168
1 1
1
53153
1 1
99
3
1 1
72
242
1 1
38798
105031
1 1
75342
2783
1 1
7
25
1 1
130203
3
1 1
11701
4
1 1
64311
1
1 1
10212
12
1 1
129792
96645
1 1
6
1383
1 1
21512
357
1 1
1
1340
1 1
26
10438
1 1
26831
375656
1 1
13
972
1 1
1
32
1 1
78172
19051
1 1
155992
14
1 1
240370
55
1 1
2
172
1 1
54
77
1 1
56
31
1 1
16581
29710
1 1
65281
4721
1 1
217
166434
1 1
1
129584
1 1
161
89
1 1
3
36
1 1
90
110
1 1
61
246
1 1
1
620
1 1
5244
53717
1 1
118684
3828
1 1
11959
519
1 1
4
85
1 1
12
1543
1 1
97167
4
1 1
923
7224
1 1
817
61309
1 1
1
47922
1 1
55
194
1 1
37651
6870
1 1
7742
132
1 1
72
82
1 1
1
1
1 1
34121
1
1 1
94
7
1 1
4
112
1 1
6
2
1 1
37
1403
1 1
25910
1857
1 1
13749
3761
1 1
85
76
1 1
61155
15207
1 1
2773
1
1 1
42
4
1 1
1
1
1 1
42
```
Your Output:
```
20528673
510
240
1426350
628773908
60
44262
23875
190596
380
120
1
342580362
159898
225123
1880
99615740
2928960
2430
161070118
2928
3
66
253624
3067056
205173
225650
1248876
1004740
165
106249809
429896700
58429
11503626
269153
67771800
55613580
12600
61212
7341
-96342272
34
2066922
1052
10773126
5841954
412
8
1778
34
240
44343259
500148
30
668288
92799
139524
29431853
449280
13200
64552221
41
28
22812
298669314
69510
51722
420429690
176
63520035
348
182286169
24
3412488
742
1047
257530
6340
4
580918
1354
-951541676
14784
2746170
390164
12
191577
9
76811910
2348464
11641056
348370
1288073332
60623136
4243500
486777
1768
2549495
319
99
131445
449994
426420
361866455
40532736
5398
248412
57440084
1748
11856
3109246
1155869
8253812
1844162856
11649706
8095
3752
136
52960848
1375180983
145277
289149539
4896585
909
165603620
1626222
1149724
74018452
1531818
365514440
2
488866
35224289
5080
10392057
601423349
640
188
3466368
1835841904
2816
6
2398848
516615
93
796
168
776
3136
18638477
359785783
4653312
69200
339
136
1553075
106055777
973400
1516
436565808
2708697
930
146943
108108
2358
29188
7618401
208923
14140
-1045331747
3135
51454950
600
6930998
168
52163550
11025
166502
691108
15488
239680
816
16195
70
4830117
61
216056
3456
325338
1487868
1020
3292
14424
1428
2013
42654
41798400
558090
5324859
6
46368
1176240
59144
-839814189
12467
475444725
17249535
555964
169770600
28
9976384
5392
6
31005
5729880
195860
117
30
66
188
529609248
347427472
4699334
21165
32000287
392
13908574
49
8064
-1851636328
15899
1188288250
71388
183223
792
-950284917
8622216
193041
1002718
7500
97536
3095
40665
18
527528
1205
206203100
9208
2205008
621
403104
3488
114705
388752
310746
1400933930
380
14576
139
5438
13272
710892
6653046
4
5413648
757305
1327098
189732
15111
7
592
286572
1137
42117
3306554
1440418720
117868
20
10074
882816
6440
51446032
14441
1000508
4
45
165748
7593500
3857280
1006830
205285766
2072230092
7482807
4880
495
16046776
8992098
408
30357093
6
17689
363290
8
47
204191
84308183
71731440
582496
5185818
1177947
64214535
3320
4284
69872
786007
114569
9104067
1285176
1
2
317504572
871472
6752
40
3916
1713161
-394926032
485335793
2050686
25680
1
31679
106119
7824
2541
82928190
179531100
573141729
10078974
33611776
58223286
12
539396
416234
9890
2010
5148
47916
10541965
276312
2800688
936384
117943
4977
118704
2734
3096
163944
122650
3346
493
58017
6933126
27573448
73006
64
327910625
243675
9899576
6280379
1700
970114
12630
392
1820429
204541050
125404160
82021851
2280
1862
3242911
281589
59956
382722783
6727
32025420
552640
420
8
280
914240
65329
29030
3610
992
1217568
-1749845868
4
15270
-752573573
75320
9
1574316
31681500
108630450
1643000
41413680
10
11469
38893
10
858704
255292905
6798
23769950
5
5266014
4553
6401184
369022833
1291248
1167600
4
4860
796026
6632
94650
27
6156704
100432
2036
14
8
76
15234390
1127455588
294030
33514700
2113275660
28403
161
79825
37011
2046
259839
222272
24576
134976
1355203
24543
420843601
315
184080
1362
1352
17
23589336
90377
49178
511360
344110
194656
1504687350
116144
1547664
6
4536344
11229
1023808
2769901
3376
27540
324002
496
901450
17244
87
2316470
163590460
2170840
280
204
4
1198017
10320
55309
52
1224
53996241
13074124
287672
186
3
463
1320
235
45
2666405
29960
1270
96
29567
2487820
7108790
80940783
110
1830200470
6
7412104
3329235
3419670
43
907
503799
135400
23414
5551
212
25548824
230489856
677
166044
50188
492303308
1
6769576
-1570981491
311004
357570
12902
6
8
97244
1621199330
25485
630
51296
343149
597730224
14434706
4
30
669247677
1342
206
40927020
751716
24870660
624
42
256252
744279
129
15200
673808
12857967
-962029728
7359290
118918114
724
4563775
101505
113463
2022
28422480
71
1024
365
50350280
95940
2729364
2464
3586
60564
301917
3584
90604
4074021
98
274727684
260599038
912
8
696164
2856
784
564764
126
8
11384037
102
597252
2706
2444
532
17
-783185838
5562360
4128
-1486561152
-1753479569
225420
183742
1830427
17
-330447088
8782294
4368
3013656
4001666
1395550132
12656
1
23754
15476
121904
7445
8537452
9984
-1796369986
1309200
1649047528
4390
1
165
57279304
12459
229256670
6926612
21
112600
276
688
2576
1
3374
24822056
24894688
4118624
16
63960
547004357
830440
640390
36
2013
-1157754026
2889
630648
7462
21835
410
4246500
480
17400
10
71676
8
125892
10400
173796
266640
6464
546
41295659
-2083028732
4
34740
525870
9480072
349222
592959925
183915
1229950
1
1992
33084
9
1639561
390184
27239176
81620916
681
2115
12554
-926629583
2255550
2457
8
142080
234
21294
2884
322
94
636
-1118153028
2
124729
1703
747229378
8
-1842834858
1169142
120872346
9381510
22536
2154960
340
134912
11222976
541260
243
7485
685
674274
26
1195964
169257
859248
261562
7467252
4628
620
649122
201712
208
47873055
20460
1
3181325
918464
124256
16
3644500
155093115
2774296
201477
870697384
14364
137735
20600
7480
12000
26060
166859
27
249
29244
10879
62582688
1029
22209876
25504
148819
7316
1363566555
7224
7223
254
49804
1598584
417180
23716
2
4
918
18171828
9135
94137
24603
118448
-366523682
392
13932
52206
306
79400
51775
58503
102268
178600613
104200
728598
456
101618
61094
91816
1541016
675
7927491
-267155224
3581739
251944
1180
288262
70098
60172
23
3266
672
953404
890071975
412327440
26970
247941648
1088
5250
25045
1106046
1181726
34422
42
439175240
25844
32
2
659912400
69632
68
108384
1285
3481752
342398850
33775840
20498608
4273101
9438
1164280
8663112
449
363036
1364
215416
470
525647320
1937577972
4249
1869
174
3798990
128
146007
4698
8178
41120
1
1578346
135577586
136116584
368566741
14850180
462756390
381
71275422
1390793664
50836267
1
1276
5227578
4029
39436
10315404
6815215
1309508
458471846
15637
14256
6
394576
700
72
57792801
48
10160100
80262
1403
30005
4462370
25840
2338678
4
1793311835
21021088
44458512
358644
7
6486
5844
90747
12888
16
4
547240
433646
1177605
5664
2676
32316
3192
12897356
38155
12481775
4600569
450
43621150
38732
2700
2296293
659
17266816
1716
625608
5
243989
240654
168048
718032
2524
26729
129792
747456
193164882
53718
23876
25317552
607024
52193520
1261574008
37138743
2073967
236
2732274
137741754
82
446
6352127
8104
2120
40
30
484
1007285
3653104
3
231952
175160
484806285
34465
500726008
87425080
489001350
60
2038316
3960
130620
226
2390619
385355845
1348
1466520
150275
4648
12122634
1351273208
14906331
38356
5067756
14
311231337
13
5125
249284
407207494
19091295
45
1466244
32086
780
180466
12096
12
165
3392
30
59220
3324
5162
1091264
1308388
390726
214
243560544
473
160
5705
63230
497582558
45
158895
55312
338760
330100680
61594
25127388
1197
3885
6921435
136804778
10
17934
49786
4099
700
6406
35
7208
620529
1086512
83209
51965982
46
560
2339
1481578
15796086
7152
433748
200039
5994
14850
97530
102816
188277471
974
12904768
4920036
12416
33372
1
2440
1813773836
49024
308
4
12104
4296
980
685
15414
34060
979
186753560
2848
7809285
315244027
1330463680
172772
94686
6931
3610
1288
1339507
179867
276420
13564586
90
15244866
2752164
132489808
12816078
12123105
271
1810116
123502
19551
344180168
16
2602948
18562
679588668
1
706645
144
822
-197713884
3375
533052918
4966
38506
1815
1229551
4
1296
2101
1475
432
11
108
107133
47413
729010001
12463581
4975776
13413
902
1266430
3127590
2061045
343753020
303050
232398486
5394
16380
1063920
1415535
2038168
3550297
201792
870147
39195
30407160
24120
74694
875313816
16340
8
3734650
8517
90664
252928
79431
961155
11206
19356624
224
137856
38588
265977
42898
33935
1692414
-799990592
546040
5028
509093222
7421
462560
99284
1224
100156
2492
192775
26700
677
64263
6158
3
13355650
42770
18060
397580
2059200
3719175
20201056
10
6
310969980
60387588
4758
17
9543947
3716
104
6328
160341
71779344
11817
9804
430935
484
1089
641907
52336
125952
96322362
1252
3276
118744
14308050
140
1959220
10
2920
70
889
837
365034320
8252
888
7894032
663880
7904260
55
468464
5763384
3080
351268554
63
411138
1599312
1589
12664320
2018
867930
1
136675
2073750
15
48324
39285
4617019
84996
16679
337880816
957696
18205
432
4775588
480
609390
-1307840723
91
740601014
1810644
6658
1884599262
46
92
107032
5396676
262416
70504
369
1641001
138430720
178539621
9990
88
19800
68889
1113
11356
1015581
2614255
16254840
15171
5741042
103368
6356
6
24
9171228
320608700
1253773
77624
120
51666
```
Expected Output:
```
20528673
510
240
1426350
628773908
60
44262
23875
190596
380
120
1
342580362
159898
225123
1880
99615740
2928960
2430
161070118
2928
3
66
253624
3067056
205173
225650
1248876
1004740
165
106249809
429896700
58429
11503626
269153
67771800
55613580
12600
61212
7341
29968428800
34
2066922
1052
10773126
5841954
412
8
1778
34
240
44343259
500148
30
668288
92799
139524
29431853
449280
13200
64552221
41
28
22812
298669314
69510
51722
420429690
176
63520035
348
182286169
24
3412488
742
1047
257530
6340
4
580918
1354
7638392916
14784
2746170
390164
12
191577
9
76811910
2348464
11641056
348370
1288073332
60623136
4243500
486777
1768
2549495
319
99
131445
449994
426420
361866455
40532736
5398
248412
57440084
1748
11856
3109246
1155869
8253812
1844162856
11649706
8095
3752
136
52960848
1375180983
145277
289149539
4896585
909
165603620
1626222
1149724
74018452
1531818
365514440
2
488866
35224289
5080
10392057
4896390645
640
188
3466368
10425776496
2816
6
2398848
516615
93
796
168
776
3136
18638477
359785783
4653312
69200
339
136
1553075
106055777
973400
1516
436565808
2708697
930
146943
108108
2358
29188
7618401
208923
14140
20429504733
3135
51454950
600
6930998
168
52163550
11025
166502
691108
15488
239680
816
16195
70
4830117
61
216056
3456
325338
1487868
1020
3292
14424
1428
2013
42654
41798400
558090
5324859
6
46368
1176240
59144
37814891475
12467
475444725
17249535
555964
169770600
28
9976384
5392
6
31005
5729880
195860
117
30
66
188
529609248
347427472
4699334
21165
32000287
392
13908574
49
8064
2443330968
15899
1188288250
71388
183223
792
7639649675
8622216
193041
1002718
7500
97536
3095
40665
18
527528
1205
206203100
9208
2205008
621
403104
3488
114705
388752
310746
1400933930
380
14576
139
5438
13272
710892
6653046
4
5413648
757305
1327098
189732
15111
7
592
286572
1137
42117
3306554
1440418720
117868
20
10074
882816
6440
51446032
14441
1000508
4
45
165748
7593500
3857280
1006830
205285766
40726935756
7482807
4880
495
16046776
8992098
408
30357093
6
17689
363290
8
47
204191
84308183
71731440
582496
5185818
1177947
64214535
3320
4284
69872
786007
114569
9104067
1285176
1
2
317504572
871472
6752
40
3916
1713161
3900041264
485335793
2050686
25680
1
31679
106119
7824
2541
82928190
179531100
573141729
10078974
33611776
58223286
12
539396
416234
9890
2010
5148
47916
10541965
276312
2800688
936384
117943
4977
118704
2734
3096
163944
122650
3346
493
58017
6933126
27573448
73006
64
327910625
243675
9899576
6280379
1700
970114
12630
392
1820429
204541050
125404160
82021851
2280
1862
3242911
281589
59956
382722783
6727
32025420
552640
420
8
280
914240
65329
29030
3610
992
1217568
11135056020
4
15270
12132328315
75320
9
1574316
31681500
108630450
1643000
41413680
10
11469
38893
10
858704
255292905
6798
23769950
5
5266014
4553
6401184
369022833
1291248
1167600
4
4860
796026
6632
94650
27
6156704
100432
2036
14
8
76
15234390
31192226660
294030
33514700
10703210252
28403
161
79825
37011
2046
259839
222272
24576
134976
1355203
24543
420843601
315
184080
1362
1352
17
23589336
90377
49178
511360
344110
194656
1504687350
116144
1547664
6
4536344
11229
1023808
2769901
3376
27540
324002
496
901450
17244
87
2316470
163590460
2170840
280
204
4
1198017
10320
55309
52
1224
53996241
13074124
287672
186
3
463
1320
235
45
2666405
29960
1270
96
29567
2487820
7108790
80940783
110
1830200470
6
7412104
3329235
3419670
43
907
503799
135400
23414
5551
212
25548824
230489856
677
166044
50188
492303308
1
6769576
2723985805
311004
357570
12902
6
8
97244
1621199330
25485
630
51296
343149
597730224
14434706
4
30
669247677
1342
206
40927020
751716
24870660
624
42
256252
744279
129
15200
673808
12857967
3332937568
7359290
118918114
724
4563775
101505
113463
2022
28422480
71
1024
365
50350280
95940
2729364
2464
3586
60564
301917
3584
90604
4074021
98
274727684
260599038
912
8
696164
2856
784
564764
126
8
11384037
102
597252
2706
2444
532
17
7806748754
5562360
4128
7103373440
24016324207
225420
183742
1830427
17
3964520208
8782294
4368
3013656
4001666
1395550132
12656
1
23754
15476
121904
7445
8537452
9984
2498597310
1309200
18828916712
4390
1
165
57279304
12459
229256670
6926612
21
112600
276
688
2576
1
3374
24822056
24894688
4118624
16
63960
547004357
830440
640390
36
2013
50381853526
2889
630648
7462
21835
410
4246500
480
17400
10
71676
8
125892
10400
173796
266640
6464
546
41295659
2211938564
4
34740
525870
9480072
349222
592959925
183915
1229950
1
1992
33084
9
1639561
390184
27239176
81620916
681
2115
12554
3368337713
2255550
2457
8
142080
234
21294
2884
322
94
636
24651650748
2
124729
1703
747229378
8
88351478358
1169142
120872346
9381510
22536
2154960
340
134912
11222976
541260
243
7485
685
674274
26
1195964
169257
859248
261562
7467252
4628
620
649122
201712
208
47873055
20460
1
3181325
918464
124256
16
3644500
155093115
2774296
201477
870697384
14364
137735
20600
7480
12000
26060
166859
27
249
29244
10879
62582688
1029
22209876
25504
148819
7316
1363566555
7224
7223
254
49804
1598584
417180
23716
2
4
918
18171828
9135
94137
24603
118448
8223410910
392
13932
52206
306
79400
51775
58503
102268
178600613
104200
728598
456
101618
61094
91816
1541016
675
7927491
21207681256
3581739
251944
1180
288262
70098
60172
23
3266
672
953404
890071975
412327440
26970
247941648
1088
5250
25045
1106046
1181726
34422
42
13324077128
25844
32
2
659912400
69632
68
108384
1285
3481752
342398850
33775840
20498608
4273101
9438
1164280
8663112
449
363036
1364
215416
470
525647320
1937577972
4249
1869
174
3798990
128
146007
4698
8178
41120
1
1578346
135577586
136116584
368566741
14850180
462756390
381
71275422
1390793664
50836267
1
1276
5227578
4029
39436
10315404
6815215
1309508
458471846
15637
14256
6
394576
700
72
57792801
48
10160100
80262
1403
30005
4462370
25840
2338678
4
6088279131
21021088
44458512
358644
7
6486
5844
90747
12888
16
4
547240
433646
1177605
5664
2676
32316
3192
12897356
38155
12481775
4600569
450
43621150
38732
2700
2296293
659
17266816
1716
625608
5
243989
240654
168048
718032
2524
26729
129792
747456
193164882
53718
23876
25317552
607024
52193520
1261574008
37138743
2073967
236
2732274
137741754
82
446
6352127
8104
2120
40
30
484
1007285
3653104
3
231952
175160
484806285
34465
500726008
87425080
489001350
60
2038316
3960
130620
226
2390619
385355845
1348
1466520
150275
4648
12122634
9941207800
14906331
38356
5067756
14
4606198633
13
5125
249284
47651847750
19091295
45
1466244
32086
780
180466
12096
12
165
3392
30
59220
3324
5162
1091264
1308388
390726
214
243560544
473
160
5705
63230
497582558
45
158895
55312
338760
330100680
61594
25127388
1197
3885
6921435
136804778
10
17934
49786
4099
700
6406
35
7208
620529
1086512
83209
51965982
46
560
2339
1481578
15796086
7152
433748
200039
5994
14850
97530
102816
188277471
974
12904768
4920036
12416
33372
1
2440
31878544908
49024
308
4
12104
4296
980
685
15414
34060
979
186753560
2848
7809285
315244027
1330463680
172772
94686
6931
3610
1288
1339507
179867
276420
13564586
90
15244866
2752164
132489808
12816078
12123105
271
1810116
123502
19551
344180168
16
2602948
18562
679588668
1
706645
144
822
4097253412
3375
533052918
4966
38506
1815
1229551
4
1296
2101
1475
432
11
108
107133
47413
729010001
12463581
4975776
13413
902
1266430
3127590
2061045
343753020
303050
232398486
5394
16380
1063920
1415535
2038168
3550297
201792
870147
39195
30407160
24120
74694
875313816
16340
8
3734650
8517
90664
252928
79431
961155
11206
19356624
224
137856
38588
265977
42898
33935
1692414
7789944000
546040
5028
509093222
7421
462560
99284
1224
100156
2492
192775
26700
677
64263
6158
3
13355650
42770
18060
397580
2059200
3719175
4315168352
10
6
310969980
60387588
4758
17
9543947
3716
104
6328
160341
71779344
11817
9804
430935
484
1089
641907
52336
125952
96322362
1252
3276
118744
14308050
140
1959220
10
2920
70
889
837
365034320
8252
888
7894032
663880
7904260
55
468464
5763384
3080
351268554
63
411138
1599312
1589
12664320
2018
867930
1
136675
2073750
15
48324
39285
4617019
84996
16679
337880816
957696
18205
432
4775588
480
609390
11577061165
91
740601014
1810644
6658
1884599262
46
92
107032
5396676
262416
70504
369
1641001
138430720
178539621
9990
88
19800
68889
1113
11356
1015581
2614255
16254840
15171
5741042
103368
6356
6
24
9171228
320608700
1253773
7
```
Error Analysis: Line 41: Got '-96342272', Expected '29968428800'
Line 82: Got '-951541676', Expected '7638392916'
Line 136: Got '601423349', Expected '4896390645'
Line 140: Got '1835841904', Expected '10425776496'
Line 170: Got '-1045331747', Expected '20429504733'
Line 204: Got '-839814189', Expected '37814891475'
Line 230: Got '-1851636328', Expected '2443330968'
Line 236: Got '-950284917', Expected '7639649675'
Line 292: Got '2072230092', Expected '40726935756'
Line 327: Got '-394926032', Expected '3900041264'

### Your Task
Fix the C++ code to pass ALL test cases (including hidden ones).

### Critical Guidelines
1. Focus on algorithmic correctness - NO hard-coded values or special cases
2. Ensure proper data structures and complexity (aim for O(N log N) or better when possible)
3. Handle edge cases (empty input, single elements, max constraints)
4. Use standard C++20 features; avoid non-portable code

### Output Format
Provide ONLY the complete fixed C++ code in a single ```cpp block.
