### Problem Description
Score : 475 points

### Problem Statement

You are given sequences of length N: A = (A\_1, A\_2, \dots, A\_N) and B = (B\_1, B\_2, \dots, B\_N).  
Let S be a subset of \lbrace1, 2, \dots, N\rbrace of size K.
Here, find the minimum possible value of the following expression:

\displaystyle \left(\max\_{i \in S} A\_i\right) \times \left(\sum\_{i \in S} B\_i\right).

You are given T test cases; solve each of them.

### Constraints

* 1 \leq T \leq 2 \times 10^5
* 1 \leq K \leq N \leq 2 \times 10^5
* 1 \leq A\_i, B\_i \leq 10^6
* The sum of N over all test cases is at most 2 \times 10^5.
* All input values are integers.

---

### Input

The input is given from Standard Input in the following format. Here, \mathrm{case}\_i denotes the i-th test case.

```
T
\mathrm{case}_1
\mathrm{case}_2
\vdots
\mathrm{case}_T

```

Each test case is given in the following format:

```
N K
A_1 A_2 \dots A_N
B_1 B_2 \dots B_N

```

### Output

Print T lines. The i-th line should contain the answer for the i-th test case.

---

### Your Incorrect Code
```cpp
#include<iostream>
#include<vector>
#include<queue>
#include<stack>
#include"algorithm"
using namespace std;
#define int long long
#define lowbit(x) x&(-x)
const int N = 2e5 + 9, inf = 1000000009;
int n, m,t,ans,k;
int s,q;
pair<int, int>a[N], b[N],bb[N];
bool vis[N];
signed main() {
    cin >> t;
    while (t--) {
        stack<int>st;
        cin >> n  >> k;
        for (int i = 1; i <= n; i++) {
            cin >> a[i].first;
            a[i].second = i;
        }
        for (int i = 1; i <= n; i++) {
            cin >> bb[i].first;
            bb[i].second = i;
        }
        sort(a + 1, a + n + 1);
        for (int i = 1; i <= n; i++) {
            b[i] = bb[a[i].second];
        }
        priority_queue<int>q;
        ans = inf; s = 0;
        for (int i = 1; i < n; i++) {
            q.push(b[i].first);
            s += b[i].first;
            while (q.size() >= k) {
                s -= q.top(); q.pop();
            }
            if (i>=k-1) {    
                ans = min(ans, (s+b[i+1].first) * a[i+1].first);
            }
        }

        cout << ans << endl;
    }
    return 0;
}

```

### Failing Case
Input:
```
200000
1 1
51
402523
1 1
255
2
1 1
40
6
1 1
222
6425
1 1
165991
3788
1 1
60
1
1 1
6
7377
1 1
23875
1
1 1
6
31766
1 1
380
1
1 1
4
30
1 1
1
1
1 1
8534
40143
1 1
62
2579
1 1
75041
3
1 1
20
94
1 1
556
179165
1 1
6780
432
1 1
162
15
1 1
18821
8558
1 1
488
6
1 1
1
3
1 1
11
6
1 1
196
1294
1 1
2832
1083
1 1
447
459
1 1
2
112825
1 1
2763
452
1 1
220
4567
1 1
1
165
1 1
4049
26241
1 1
161010
2670
1 1
491
119
1 1
2147
5358
1 1
79
3407
1 1
16370
4140
1 1
110
505578
1 1
70
180
1 1
2
30606
1 1
7341
1
1 1
237092
126400
1 1
2
17
1 1
31317
66
1 1
263
4
1 1
414351
26
1 1
253998
23
1 1
2
206
1 1
8
1
1 1
1
1778
1 1
1
34
1 1
240
1
1 1
26891
1649
1 1
9
55572
1 1
1
30
1 1
1472
454
1 1
491
189
1 1
7
19932
1 1
24547
1199
1 1
1755
256
1 1
13200
1
1 1
32751
1971
1 1
41
1
1 1
4
7
1 1
3802
6
1 1
32457
9202
1 1
2317
30
1 1
1
51722
1 1
27135
15494
1 1
44
4
1 1
373
170295
1 1
2
174
1 1
154349
1181
1 1
6
4
1 1
14709
232
1 1
1
742
1 1
349
3
1 1
910
283
1 1
1585
4
1 1
2
2
1 1
44686
13
1 1
2
677
1 1
400587
19068
1 1
352
42
1 1
30
91539
1 1
206
1894
1 1
4
3
1 1
10083
19
1 1
9
1
1 1
522530
147
1 1
3967
592
1 1
1019
11424
1 1
55
6334
1 1
9857
130676
1 1
240568
252
1 1
90
47150
1 1
486777
1
1 1
136
13
1 1
3965
643
1 1
29
11
1 1
3
33
1 1
5
26289
1 1
111
4054
1 1
1
426420
1 1
433373
835
1 1
2136
18976
1 1
5398
1
1 1
1956
127
1 1
18577
3092
1 1
874
2
1 1
26
456
1 1
14
222089
1 1
1507
767
1 1
518
15934
1 1
11202
164628
1 1
401714
29
1 1
1
8095
1 1
1
3752
1 1
8
17
1 1
430576
123
1 1
138753
9911
1 1
11
13207
1 1
43897
6587
1 1
83
58995
1 1
909
1
1 1
2660
62257
1 1
26
62547
1 1
12497
92
1 1
10943
6764
1 1
56734
27
1 1
14396
25390
1 1
1
2
1 1
7
69838
1 1
8857
3977
1 1
5
1016
1 1
128297
81
1 1
41355
118399
1 1
128
5
1 1
2
94
1 1
7344
472
1 1
354329
29424
1 1
22
128
1 1
6
1
1 1
16
149928
1 1
103323
5
1 1
31
3
1 1
1
796
1 1
42
4
1 1
1
776
1 1
448
7
1 1
697
26741
1 1
5777
62279
1 1
15936
292
1 1
10
6920
1 1
3
113
1 1
4
34
1 1
41975
37
1 1
643
164939
1 1
248
3925
1 1
2
758
1 1
18628
23436
1 1
47521
57
1 1
2
465
1 1
146943
1
1 1
108108
1
1 1
3
786
1 1
1
29188
1 1
1557
4893
1 1
69641
3
1 1
28
505
1 1
177529
115077
1 1
209
15
1 1
165450
311
1 1
30
20
1 1
41753
166
1 1
28
6
1 1
950
54909
1 1
1
11025
1 1
7
23786
1 1
226
3058
1 1
22
704
1 1
29960
8
1 1
408
2
1 1
3239
5
1 1
1
70
1 1
327
14771
1 1
1
61
1 1
1
216056
1 1
3456
1
1 1
3
108446
1 1
12
123989
1 1
4
255
1 1
823
4
1 1
1803
8
1 1
3
476
1 1
2013
1
1 1
21327
2
1 1
7775
5376
1 1
15
37206
1 1
1377
3867
1 1
3
2
1 1
224
207
1 1
1352
870
1 1
1
59144
1 1
91027
415425
1 1
1
12467
1 1
96537
4925
1 1
193815
89
1 1
277982
2
1 1
5275
32184
1 1
7
4
1 1
3256
3064
1 1
674
8
1 1
3
2
1 1
15
2067
1 1
52
110190
1 1
97930
2
1 1
117
1
1 1
1
30
1 1
33
2
1 1
188
1
1 1
4704
112587
1 1
1337
259856
1 1
162046
29
1 1
415
51
1 1
4609
6943
1 1
28
14
1 1
58
239803
1 1
1
49
1 1
4
2016
1 1
24986
97788
1 1
1
15899
1 1
20939
56750
1 1
1983
36
1 1
1
183223
1 1
198
4
1 1
64505
118435
1 1
69534
124
1 1
89
2169
1 1
501359
2
1 1
500
15
1 1
32512
3
1 1
3095
1
1 1
15
2711
1 1
2
9
1 1
23
22936
1 1
241
5
1 1
12020
17155
1 1
1151
8
1 1
21202
104
1 1
207
3
1 1
100776
4
1 1
4
872
1 1
12745
9
1 1
28
13884
1 1
155373
2
1 1
2810
498553
1 1
1
380
1 1
7288
2
1 1
139
1
1 1
2
2719
1 1
948
14
1 1
236964
3
1 1
62178
107
1 1
1
4
1 1
7199
752
1 1
45
16829
1 1
7627
174
1 1
94866
2
1 1
1679
9
1 1
1
7
1 1
37
16
1 1
3674
78
1 1
3
379
1 1
303
139
1 1
19919
166
1 1
6448
223390
1 1
58934
2
1 1
5
4
1 1
46
219
1 1
36784
24
1 1
8
805
1 1
358
143704
1 1
1
14441
1 1
2
500254
1 1
1
4
1 1
9
5
1 1
22
7534
1 1
379675
20
1 1
128
30135
1 1
405
2486
1 1
68383
3002
1 1
207693
196092
1 1
5157
1451
1 1
2
2440
1 1
11
45
1 1
68
235982
1 1
7407
1214
1 1
17
24
1 1
237
128089
1 1
3
2
1 1
19
931
1 1
4274
85
1 1
2
4
1 1
47
1
1 1
113
1807
1 1
25933
3251
1 1
36228
1980
1 1
436
1336
1 1
1089
4762
1 1
9
130883
1 1
1855
34617
1 1
4
830
1 1
12
357
1 1
69872
1
1 1
421
1867
1 1
7
16367
1 1
207
43981
1 1
160647
8
1 1
1
1
1 1
2
1
1 1
227276
1397
1 1
217
4016
1 1
2
3376
1 1
1
40
1 1
1
3916
1 1
89
19249
1 1
47192
82642
1 1
4783
101471
1 1
93213
22
1 1
15
1712
1 1
1
1
1 1
31679
1
1 1
11791
9
1 1
1956
4
1 1
1
2541
1 1
25485
3254
1 1
6762
26550
1 1
41403
13843
1 1
39681
254
1 1
1408
23872
1 1
32673
1782
1 1
12
1
1 1
24518
22
1 1
182
2287
1 1
23
430
1 1
1
2010
1 1
117
44
1 1
2
23958
1 1
1855
5683
1 1
2382
116
1 1
176
15913
1 1
64
14631
1 1
4067
29
1 1
7
711
1 1
59352
2
1 1
1
2734
1 1
258
12
1 1
198
828
1 1
11
11150
1 1
14
239
1 1
1
493
1 1
699
83
1 1
3491
1986
1 1
268
102886
1 1
36503
2
1 1
4
16
1 1
7775
42175
1 1
9025
27
1 1
83
119272
1 1
469
13391
1 1
850
2
1 1
62
15647
1 1
12630
1
1 1
98
4
1 1
233
7813
1 1
58675
3486
1 1
3584
34990
1 1
9563
8577
1 1
20
114
1 1
133
14
1 1
463273
7
1 1
159
1771
1 1
4612
13
1 1
851
449733
1 1
217
31
1 1
508340
63
1 1
276320
2
1 1
15
28
1 1
1
8
1 1
35
8
1 1
57140
16
1 1
11
5939
1 1
5
5806
1 1
1805
2
1 1
16
62
1 1
32
38049
1 1
144818
76890
1 1
1
4
1 1
7635
2
1 1
99311
122165
1 1
9415
8
1 1
1
9
1 1
6966
226
1 1
150
211210
1 1
1675
64854
1 1
8215
200
1 1
13860
2988
1 1
2
5
1 1
3
3823
1 1
38893
1
1 1
10
1
1 1
50512
17
1 1
749
340845
1 1
6798
1
1 1
25021
950
1 1
5
1
1 1
746
7059
1 1
29
157
1 1
524
12216
1 1
1761
209553
1 1
2196
588
1 1
1680
695
1 1
1
4
1 1
972
5
1 1
42
18953
1 1
3316
2
1 1
30
3155
1 1
1
27
1 1
3656
1684
1 1
2
50216
1 1
2
1018
1 1
1
14
1 1
4
2
1 1
4
19
1 1
38
400905
1 1
126635
246316
1 1
363
810
1 1
7270
4610
1 1
105494
101458
1 1
1
28403
1 1
1
161
1 1
15965
5
1 1
13
2847
1 1
31
66
1 1
1
259839
1 1
27784
8
1 1
24
1024
1 1
2
67488
1 1
15227
89
1 1
24543
1
1 1
173687
2423
1 1
315
1
1 1
1560
118
1 1
2
681
1 1
13
104
1 1
1
17
1 1
27208
867
1 1
90377
1
1 1
134
367
1 1
40
12784
1 1
2
172055
1 1
1738
112
1 1
22690
66315
1 1
14
8296
1 1
4
386916
1 1
2
3
1 1
8278
548
1 1
57
197
1 1
1088
941
1 1
433
6397
1 1
2
1688
1 1
20
1377
1 1
46286
7
1 1
62
8
1 1
605
1490
1 1
36
479
1 1
29
3
1 1
178190
13
1 1
3226
50710
1 1
15506
140
1 1
1
280
1 1
2
102
1 1
4
1
1 1
44371
27
1 1
5
2064
1 1
1
55309
1 1
2
26
1 1
24
51
1 1
689
78369
1 1
24122
542
1 1
28
10274
1 1
186
1
1 1
1
3
1 1
1
463
1 1
55
24
1 1
5
47
1 1
9
5
1 1
91945
29
1 1
10
2996
1 1
5
254
1 1
96
1
1 1
29567
1
1 1
53
46940
1 1
1937
3670
1 1
3937
20559
1 1
22
5
1 1
479738
3815
1 1
1
6
1 1
428
17318
1 1
819
4065
1 1
341967
10
1 1
43
1
1 1
1
907
1 1
183
2753
1 1
677
200
1 1
23
1018
1 1
7
793
1 1
1
212
1 1
952
26837
1 1
200078
1152
1 1
677
1
1 1
1644
101
1 1
50188
1
1 1
84836
5803
1 1
1
1
1 1
7156
946
1 1
8845
307969
1 1
36
8639
1 1
15
23838
1 1
6451
2
1 1
1
6
1 1
1
8
1 1
14
6946
1 1
51647
31390
1 1
1699
15
1 1
6
105
1 1
6412
8
1 1
114383
3
1 1
13494
44296
1 1
32006
451
1 1
4
1
1 1
15
2
1 1
21843
30639
1 1
61
22
1 1
206
1
1 1
820
49911
1 1
13188
57
1 1
148
168045
1 1
208
3
1 1
1
42
1 1
2
128126
1 1
93
8003
1 1
129
1
1 1
5
3040
1 1
4
168452
1 1
117963
109
1 1
6712
496564
1 1
19730
373
1 1
973
122218
1 1
2
362
1 1
39685
115
1 1
15
6767
1 1
1801
63
1 1
1
2022
1 1
1840
15447
1 1
71
1
1 1
1
1024
1 1
365
1
1 1
49460
1018
1 1
7380
13
1 1
14674
186
1 1
4
616
1 1
326
11
1 1
147
412
1 1
3921
77
1 1
3584
1
1 1
45302
2
1 1
63
64667
1 1
49
2
1 1
53108
5173
1 1
471246
553
1 1
4
228
1 1
8
1
1 1
1081
644
1 1
408
7
1 1
28
28
1 1
1042
542
1 1
21
6
1 1
2
4
1 1
93
122409
1 1
51
2
1 1
2804
213
1 1
22
123
1 1
52
47
1 1
2
266
1 1
1
17
1 1
30137
259042
1 1
123608
45
1 1
688
6
1 1
179360
39604
1 1
446591
53777
1 1
6630
34
1 1
183742
1
1 1
61
30007
1 1
1
17
1 1
38544
102857
1 1
239
36746
1 1
56
78
1 1
8
376707
1 1
93062
43
1 1
13327
104716
1 1
28
452
1 1
1
1
1 1
23754
1
1 1
7738
2
1 1
121904
1
1 1
7445
1
1 1
154
55438
1 1
96
104
1 1
7890
316679
1 1
43640
30
1 1
347096
54247
1 1
2195
2
1 1
1
1
1 1
1
165
1 1
584
98081
1 1
4153
3
1 1
7941
28870
1 1
44
157423
1 1
1
21
1 1
563
200
1 1
3
92
1 1
344
2
1 1
23
112
1 1
1
1
1 1
241
14
1 1
5453
4552
1 1
208
119686
1 1
67
61472
1 1
16
1
1 1
615
104
1 1
47903
11419
1 1
31940
26
1 1
170
3767
1 1
6
6
1 1
33
61
1 1
225881
223046
1 1
107
27
1 1
12
52554
1 1
2
3731
1 1
21835
1
1 1
205
2
1 1
424650
10
1 1
16
30
1 1
435
40
1 1
1
10
1 1
11
6516
1 1
8
1
1 1
2
62946
1 1
5
2080
1 1
24828
7
1 1
3
88880
1 1
3232
2
1 1
13
42
1 1
42529
971
1 1
69652
31757
1 1
2
2
1 1
5
6948
1 1
175290
3
1 1
42
225716
1 1
617
566
1 1
8425
70381
1 1
183915
1
1 1
34
36175
1 1
1
1
1 1
332
6
1 1
3676
9
1 1
1
9
1 1
149051
11
1 1
302
1292
1 1
467
58328
1 1
1446
56446
1 1
227
3
1 1
1
2115
1 1
6277
2
1 1
43321
77753
1 1
15
150370
1 1
21
117
1 1
2
4
1 1
740
192
1 1
6
39
1 1
78
273
1 1
103
28
1 1
23
14
1 1
1
94
1 1
159
4
1 1
207202
118974
1 1
2
1
1 1
4301
29
1 1
1
1703
1 1
7814
95627
1 1
8
1
1 1
337038
262141
1 1
26
44967
1 1
574
210579
1 1
90
104239
1 1
313
72
1 1
2952
730
1 1
170
2
1 1
136
992
1 1
64
175359
1 1
3
180420
1 1
1
243
1 1
7485
1
1 1
1
685
1 1
224758
3
1 1
1
26
1 1
4942
242
1 1
56419
3
1 1
3672
234
1 1
833
314
1 1
3804
1963
1 1
2314
2
1 1
20
31
1 1
3
216374
1 1
1801
112
1 1
104
2
1 1
330159
145
1 1
3410
6
1 1
1
1
1 1
35
90895
1 1
127
7232
1 1
16
7766
1 1
16
1
1 1
500
7289
1 1
5403
28705
1 1
28
99082
1 1
3
67159
1 1
17273
50408
1 1
228
63
1 1
845
163
1 1
4
5150
1 1
1870
4
1 1
400
30
1 1
13030
2
1 1
23837
7
1 1
1
27
1 1
3
83
1 1
9748
3
1 1
253
43
1 1
496688
126
1 1
1
1029
1 1
117
189828
1 1
12752
2
1 1
913
163
1 1
236
31
1 1
31833
42835
1 1
2
3612
1 1
7223
1
1 1
127
2
1 1
4
12451
1 1
6472
247
1 1
15
27812
1 1
23716
1
1 1
1
2
1 1
2
2
1 1
51
18
1 1
589
30852
1 1
21
435
1 1
1
94137
1 1
1
24603
1 1
4
29612
1 1
113874
72215
1 1
392
1
1 1
2
6966
1 1
1
52206
1 1
3
102
1 1
7940
10
1 1
25
2071
1 1
3
19501
1 1
4
25567
1 1
1409
126757
1 1
2605
40
1 1
9341
78
1 1
114
4
1 1
298
341
1 1
2
30547
1 1
2
45908
1 1
17
90648
1 1
1
675
1 1
663
11957
1 1
213284
99434
1 1
7
511677
1 1
44
5726
1 1
10
118
1 1
1
288262
1 1
70098
1
1 1
1
60172
1 1
23
1
1 1
1
3266
1 1
24
28
1 1
32876
29
1 1
38573
23075
1 1
16560
24899
1 1
435
62
1 1
1944
127542
1 1
4
272
1 1
1
5250
1 1
1
25045
1 1
258
4287
1 1
301
3926
1 1
6
5737
1 1
7
6
1 1
178301
74728
1 1
52
497
1 1
1
32
1 1
2
1
1 1
3096
213150
1 1
2176
32
1 1
17
4
1 1
32
3387
1 1
1285
1
1 1
1912
1821
1 1
14730
23245
1 1
39830
848
1 1
139
147472
1 1
983
4347
1 1
66
143
1 1
116428
10
1 1
27
320856
1 1
449
1
1 1
1
363036
1 1
341
4
1 1
215416
1
1 1
2
235
1 1
1042
504460
1 1
73524
26353
1 1
607
7
1 1
1869
1
1 1
6
29
1 1
13
292230
1 1
16
8
1 1
9
16223
1 1
4698
1
1 1
174
47
1 1
1285
32
1 1
1
1
1 1
2849
554
1 1
1766
76771
1 1
312194
436
1 1
3769
97789
1 1
255
58236
1 1
1335
346634
1 1
1
381
1 1
6726
10597
1 1
3504
396916
1 1
149
341183
1 1
1
1
1 1
58
22
1 1
113643
46
1 1
237
17
1 1
4
9859
1 1
418
24678
1 1
37
184195
1 1
443
2956
1 1
7262
63133
1 1
15637
1
1 1
72
198
1 1
1
6
1 1
394576
1
1 1
700
1
1 1
18
4
1 1
29683
1947
1 1
6
8
1 1
12780
795
1 1
7
11466
1 1
23
61
1 1
1
30005
1 1
1243
3590
1 1
6460
4
1 1
44126
53
1 1
2
2
1 1
118327
51453
1 1
1342
15664
1 1
2149
20688
1 1
57
6292
1 1
7
1
1 1
138
47
1 1
2
2922
1 1
1
90747
1 1
3222
4
1 1
8
2
1 1
4
1
1 1
136810
4
1 1
53
8182
1 1
19305
61
1 1
12
472
1 1
446
6
1 1
2693
12
1 1
19
168
1 1
53516
241
1 1
13
2935
1 1
499271
25
1 1
112209
41
1 1
450
1
1 1
459170
95
1 1
19366
2
1 1
675
4
1 1
9689
237
1 1
659
1
1 1
392
44048
1 1
132
13
1 1
12
52134
1 1
1
5
1 1
243989
1
1 1
12666
19
1 1
24
7002
1 1
28
25644
1 1
2
1262
1 1
26729
1
1 1
4
32448
1 1
204
3664
1 1
1226
157557
1 1
1
53718
1 1
2
11938
1 1
24968
1014
1 1
22
27592
1 1
15315
3408
1 1
9869
127832
1 1
159
233577
1 1
7
296281
1 1
118
2
1 1
151793
18
1 1
3363
40958
1 1
41
2
1 1
446
1
1 1
3527
1801
1 1
8
1013
1 1
1060
2
1 1
20
2
1 1
2
15
1 1
242
2
1 1
8759
115
1 1
18928
193
1 1
1
3
1 1
14497
16
1 1
580
302
1 1
3897
124405
1 1
6893
5
1 1
8234
60812
1 1
62180
1406
1 1
1745
280230
1 1
4
15
1 1
72797
28
1 1
440
9
1 1
622
210
1 1
113
2
1 1
217329
11
1 1
207739
1855
1 1
4
337
1 1
132
11110
1 1
150275
1
1 1
28
166
1 1
49279
246
1 1
54380
182810
1 1
3179
4689
1 1
172
223
1 1
228
22227
1 1
7
2
1 1
22021
209173
1 1
1
13
1 1
5125
1
1 1
14
17806
1 1
475425
100230
1 1
111645
171
1 1
1
45
1 1
81458
18
1 1
122
263
1 1
3
260
1 1
1
180466
1 1
32
378
1 1
12
1
1 1
55
3
1 1
32
106
1 1
5
6
1 1
846
70
1 1
1662
2
1 1
58
89
1 1
4012
272
1 1
9214
142
1 1
7
55818
1 1
107
2
1 1
30552
7972
1 1
473
1
1 1
2
80
1 1
7
815
1 1
31615
2
1 1
5962
83459
1 1
45
1
1 1
14445
11
1 1
8
6914
1 1
15
22584
1 1
228760
1443
1 1
2678
23
1 1
351
71588
1 1
1197
1
1 1
3885
1
1 1
34435
201
1 1
5027
27214
1 1
2
5
1 1
1
17934
1 1
73
682
1 1
1
4099
1 1
35
20
1 1
6406
1
1 1
7
5
1 1
1
7208
1 1
88647
7
1 1
178
6104
1 1
7
11887
1 1
222
234081
1 1
23
2
1 1
35
16
1 1
1
2339
1 1
7
211654
1 1
298
53007
1 1
1192
6
1 1
433748
1
1 1
1
200039
1 1
2
2997
1 1
75
198
1 1
97530
1
1 1
238
432
1 1
95427
1973
1 1
974
1
1 1
493
26176
1 1
11
447276
1 1
32
388
1 1
3
11124
1 1
1
1
1 1
61
40
1 1
62349
511292
1 1
16
3064
1 1
22
14
1 1
2
2
1 1
12104
1
1 1
1432
3
1 1
140
7
1 1
1
685
1 1
2202
7
1 1
2620
13
1 1
1
979
1 1
34552
5405
1 1
356
8
1 1
2491
3135
1 1
167951
1877
1 1
208864
6370
1 1
3676
47
1 1
1
94686
1 1
6931
1
1 1
5
722
1 1
322
4
1 1
13
103039
1 1
179867
1
1 1
12
23035
1 1
4231
3206
1 1
90
1
1 1
126
120991
1 1
34
80946
1 1
104984
1262
1 1
417
30734
1 1
557
21765
1 1
1
271
1 1
100562
18
1 1
2
61751
1 1
931
21
1 1
4423
77816
1 1
8
2
1 1
13628
191
1 1
1
18562
1 1
16269
41772
1 1
1
1
1 1
31
22795
1 1
4
36
1 1
411
2
1 1
43684
93793
1 1
375
9
1 1
129319
4122
1 1
4966
1
1 1
26
1481
1 1
33
55
1 1
6869
179
1 1
1
4
1 1
48
27
1 1
11
191
1 1
1
1475
1 1
2
216
1 1
1
11
1 1
6
18
1 1
123
871
1 1
1
47413
1 1
8317
87653
1 1
169
73749
1 1
42528
117
1 1
3
4471
1 1
2
451
1 1
57565
22
1 1
558
5605
1 1
9
229005
1 1
9594
35830
1 1
1450
209
1 1
39537
5878
1 1
6
899
1 1
1
16380
1 1
806
1320
1 1
471845
3
1 1
19
107272
1 1
36601
97
1 1
50448
4
1 1
981
887
1 1
3015
13
1 1
71715
424
1 1
6
4020
1 1
74694
1
1 1
17706
49436
1 1
5
3268
1 1
1
8
1 1
3305
1130
1 1
1
8517
1 1
22666
4
1 1
128
1976
1 1
913
87
1 1
106795
9
1 1
13
862
1 1
174384
111
1 1
32
7
1 1
68928
2
1 1
4
9647
1 1
9
29553
1 1
482
89
1 1
5
6787
1 1
31341
54
1 1
497760
15650
1 1
34
16060
1 1
2
2514
1 1
67861
7502
1 1
1
7421
1 1
57820
8
1 1
2
49642
1 1
2
612
1 1
686
146
1 1
356
7
1 1
25
7711
1 1
6675
4
1 1
677
1
1 1
1
64263
1 1
2
3079
1 1
1
3
1 1
76318
175
1 1
182
235
1 1
10
1806
1 1
198790
2
1 1
2880
715
1 1
218775
17
1 1
66064
65318
1 1
5
2
1 1
6
1
1 1
120531
2580
1 1
10291
5868
1 1
793
6
1 1
1
17
1 1
502313
19
1 1
4
929
1 1
13
8
1 1
6328
1
1 1
87
1843
1 1
49299
1456
1 1
1313
9
1 1
228
43
1 1
28729
15
1 1
4
121
1 1
1
1089
1 1
91701
7
1 1
6542
8
1 1
1312
96
1 1
4289
22458
1 1
313
4
1 1
4
819
1 1
59372
2
1 1
465
30770
1 1
2
70
1 1
489805
4
1 1
2
5
1 1
730
4
1 1
1
70
1 1
127
7
1 1
31
27
1 1
51940
7028
1 1
2063
4
1 1
3
296
1 1
11342
696
1 1
132776
5
1 1
91
86860
1 1
1
55
1 1
46
10184
1 1
456
12639
1 1
385
8
1 1
183814
1911
1 1
9
7
1 1
15813
26
1 1
11
145392
1 1
1
1589
1 1
256
49470
1 1
2
1009
1 1
14
61995
1 1
1
1
1 1
355
385
1 1
69125
30
1 1
1
15
1 1
16108
3
1 1
485
81
1 1
11
419729
1 1
6
14166
1 1
1
16679
1 1
1456
232061
1 1
29928
32
1 1
331
55
1 1
8
54
1 1
1423
3356
1 1
120
4
1 1
67710
9
1 1
97505
118733
1 1
91
1
1 1
263278
2813
1 1
132
13717
1 1
3329
2
1 1
111258
16939
1 1
46
1
1 1
2
46
1 1
4
26758
1 1
786
6866
1 1
77
3408
1 1
4
17626
1 1
369
1
1 1
2677
613
1 1
640
216298
1 1
259883
687
1 1
10
999
1 1
44
2
1 1
22
900
1 1
22963
3
1 1
7
159
1 1
2
5678
1 1
338527
3
1 1
3955
661
1 1
840
19351
1 1
15171
1
1 1
97
59186
1 1
8
12921
1 1
1
6356
1 1
2
3
1 1
3
8
1 1
25058
366
1 1
23740
13505
1 1
5381
233
1 1
4
19406
1 1
60
2
1 1
109
474
1 1
6
41697
1 1
18
18170
1 1
417
193965
1 1
83265
1034
1 1
2
2768
1 1
420
569
1 1
2
13780
1 1
589
1
1 1
308
201296
1 1
954
49
1 1
24942
39081
1 1
1037
1
1 1
1
3
1 1
1
20
1 1
37776
29122
1 1
2135
1
1 1
3
28743
1 1
2
66
1 1
246
40
1 1
13
14343
1 1
16
2714
1 1
2
1
1 1
1609
9657
1 1
39700
154
1 1
10846
118919
1 1
24081
5
1 1
1
4
1 1
1181
40101
1 1
1603
123674
1 1
2
371
1 1
2
8
1 1
1428
48317
1 1
5393
254
1 1
1
7
1 1
16
3853
1 1
6
115
1 1
19
1
1 1
189985
224
1 1
47249
3
1 1
1
227
1 1
1
24
1 1
38515
7
1 1
9230
68496
1 1
31
37495
1 1
12
14496
1 1
367
1
1 1
5
808
1 1
3452
33
1 1
1
4
1 1
13
3
1 1
1
40704
1 1
218
804
1 1
236
234166
1 1
4
1596
1 1
207137
184548
1 1
47816
97
1 1
285
1
1 1
44
37
1 1
47801
4
1 1
2588
2
1 1
142483
2219
1 1
315
3275
1 1
1
352
1 1
51719
16302
1 1
2
603
1 1
2
854
1 1
33
67
1 1
331
643
1 1
1
1
1 1
12
37964
1 1
25979
32
1 1
864
462944
1 1
10472
206
1 1
37320
89084
1 1
16
5443
1 1
94
1
1 1
1
341
1 1
51
16
1 1
501
42575
1 1
238381
536
1 1
3
2625
1 1
1
2
1 1
2
41
1 1
2
10733
1 1
6
278
1 1
1570
18082
1 1
115
133
1 1
4
24
1 1
450
5
1 1
458258
390552
1 1
730
235181
1 1
7
328
1 1
86
16
1 1
5840
17
1 1
8521
481240
1 1
1
4
1 1
3663
103
1 1
2229
501
1 1
1375
330624
1 1
25
220585
1 1
56
1
1 1
535
25
1 1
3288
4601
1 1
6
1
1 1
2
29494
1 1
361
3
1 1
106
201
1 1
86
155
1 1
1
27
1 1
855
205
1 1
3600
5208
1 1
20735
1659
1 1
10792
105855
1 1
26592
22
1 1
1
10
1 1
8
177
1 1
4590
50
1 1
1848
2
1 1
1
14120
1 1
1
10
1 1
2175
6
1 1
28149
39471
1 1
1
19
1 1
1
13
1 1
2
2
1 1
29933
10
1 1
25
4779
1 1
3486
5492
1 1
1
98766
1 1
137
28304
1 1
43
5
1 1
253628
1284
1 1
705
208761
1 1
44366
29621
1 1
63558
1
1 1
218
8
1 1
321
10
1 1
63
514081
1 1
1650
3
1 1
2
7123
1 1
16
140
1 1
156
1
1 1
2
26
1 1
1
780
1 1
4271
14554
1 1
29887
1
1 1
98
7992
1 1
22
131
1 1
31080
2
1 1
241877
300
1 1
8024
77918
1 1
117717
3
1 1
3
105
1 1
4
1
1 1
1
2
1 1
302
25830
1 1
3
223763
1 1
12751
1541
1 1
1
1742
1 1
173
493
1 1
2
1868
1 1
8
24766
1 1
128
10709
1 1
39714
223404
1 1
21736
29531
1 1
3863
6081
1 1
20
19357
1 1
54866
476
1 1
72
6486
1 1
1
3
1 1
24099
2
1 1
169745
1
1 1
30178
3
1 1
19630
11
1 1
4
10
1 1
1073
365
1 1
781
232
1 1
377
7053
1 1
2176
1477
1 1
7
3
1 1
3906
10
1 1
7
11073
1 1
16
115562
1 1
35
116
1 1
2195
700
1 1
1
6407
1 1
5794
104
1 1
1
2350
1 1
2268
1
1 1
1564
496
1 1
3
12
1 1
1
54
1 1
57
646
1 1
4
63864
1 1
1
457
1 1
509
6
1 1
248
563
1 1
4
8
1 1
11
121633
1 1
318
492
1 1
51034
11292
1 1
6782
4
1 1
3
18194
1 1
1442
1903
1 1
25
114124
1 1
1
1252
1 1
289125
108596
1 1
1450
2
1 1
29
8963
1 1
3505
17
1 1
145
2
1 1
16408
1
1 1
390
445
1 1
219
4436
1 1
186
46
1 1
1
1
1 1
155
238
1 1
7
846
1 1
1
391
1 1
361
415
1 1
625
254
1 1
3964
581
1 1
1
8
1 1
35858
1468
1 1
59080
273
1 1
54
358
1 1
717
9165
1 1
2597
1
1 1
196130
2
1 1
212
3670
1 1
179688
1
1 1
92640
33
1 1
506
186
1 1
2506
2
1 1
1111
274407
1 1
97087
13
1 1
2614
27579
1 1
1
49
1 1
4618
8010
1 1
1013
6
1 1
2
1
1 1
982
88
1 1
151
211734
1 1
29
6256
1 1
91978
1470
1 1
3742
1
1 1
43597
79231
1 1
61565
8
1 1
40
2
1 1
12846
98508
1 1
127
22746
1 1
19
241
1 1
36
3
1 1
3
196420
1 1
956
2460
1 1
14833
2
1 1
2457
7
1 1
188
12762
1 1
273826
1716
1 1
1
418
1 1
207
15035
1 1
12496
21947
1 1
1
99
1 1
42539
21
1 1
107387
4
1 1
13339
3
1 1
1811
10837
1 1
1
102791
1 1
7
240
1 1
1421
2453
1 1
5054
1
1 1
23065
181917
1 1
1
2
1 1
2817
93297
1 1
1
3
1 1
22960
1
1 1
21858
26
1 1
1
78247
1 1
11
19717
1 1
1234
1269
1 1
32362
2
1 1
9464
3
1 1
7791
4
1 1
1
27851
1 1
39
3
1 1
210992
221
1 1
393
14
1 1
2061
41681
1 1
1
2123
1 1
1
1
1 1
62218
429
1 1
200
99
1 1
232619
41
1 1
42
176
1 1
64576
15
1 1
2
66
1 1
2017
18882
1 1
58911
116466
1 1
1758
2
1 1
1362
22
1 1
476
11
1 1
4
15979
1 1
3375
1888
1 1
10967
135729
1 1
3
1
1 1
923
998
1 1
159
56
1 1
1
2
1 1
7
256
1 1
8
392
1 1
14619
4
1 1
7277
156296
1 1
170
246079
1 1
6
1
1 1
35
30
1 1
285
12
1 1
6465
64199
1 1
469
254780
1 1
2
2216
1 1
10750
51
1 1
1
915
1 1
3
31
1 1
4
35
1 1
112
1118
1 1
4963
3500
1 1
220
31427
1 1
2
6609
1 1
16214
674
1 1
279
28
1 1
17
326279
1 1
69843
14
1 1
27132
60578
1 1
21
9752
1 1
8202
9
1 1
28162
2
1 1
7
254039
1 1
33780
670
1 1
325856
14609
1 1
51046
4
1 1
1224
4
1 1
589
168
1 1
1130
2
1 1
58
3
1 1
216
1
1 1
166
2497
1 1
667
51
1 1
83655
1
1 1
10
26541
1 1
4
11
1 1
2
1
1 1
1
11552
1 1
10519
208170
1 1
9
50
1 1
247700
37749
1 1
286
5558
1 1
10
480
1 1
14
2134
1 1
15831
5679
1 1
41
1
1 1
7995
10219
1 1
1
1
1 1
15
7520
1 1
45
4
1 1
13334
21
1 1
17181
4
1 1
47
6392
1 1
52850
20605
1 1
342
168
1 1
1
53153
1 1
99
3
1 1
72
242
1 1
38798
105031
1 1
75342
2783
1 1
7
25
1 1
130203
3
1 1
11701
4
1 1
64311
1
1 1
10212
12
1 1
129792
96645
1 1
6
1383
1 1
21512
357
1 1
1
1340
1 1
26
10438
1 1
26831
375656
1 1
13
972
1 1
1
32
1 1
78172
19051
1 1
155992
14
1 1
240370
55
1 1
2
172
1 1
54
77
1 1
56
31
1 1
16581
29710
1 1
65281
4721
1 1
217
166434
1 1
1
129584
1 1
161
89
1 1
3
36
1 1
90
110
1 1
61
246
1 1
1
620
1 1
5244
53717
1 1
118684
3828
1 1
11959
519
1 1
4
85
1 1
12
1543
1 1
97167
4
1 1
923
7224
1 1
817
61309
1 1
1
47922
1 1
55
194
1 1
37651
6870
1 1
7742
132
1 1
72
82
1 1
1
1
1 1
34121
1
1 1
94
7
1 1
4
112
1 1
6
2
1 1
37
1403
1 1
25910
1857
1 1
13749
3761
1 1
85
76
1 1
61155
15207
1 1
2773
1
1 1
42
4
1 1
1
1
1 1
4223
8434
1 1
48278
260
1 1
1
76546
1 1
1
138559
1 1
1499
650
1 1
31
787
1 1
639
32
1 1
19172
2
1 1
8
1
1 1
389
166
1 1
2
439
1 1
6
44
1 1
1
96
1 1
2
2
1 1
997
1164
1 1
7111
857
1 1
1
1
1 1
263
175525
1 1
29
67
1 1
160
35
1 1
85
974
1 1
9
187
1 1
249992
1
1 1
10
573
1 1
107
10
1 1
10093
76
1 1
8
2
1 1
1
25240
1 1
43788
6
1 1
1
1
1 1
1743
12736
1 1
19
1998
1 1
3
1
1 1
2
1228
1 1
310156
68973
1 1
15470
1
1 1
172
285659
1 1
9
1471
1 1
7189
2
1 1
950
144
1 1
8
28
1 1
60
2191
1 1
440
2971
1 1
210691
191
1 1
6529
31
1 1
2594
64
1 1
8
98572
1 1
11
228
1 1
21
34489
1 1
1255
2
1 1
114796
1
1 1
15
1
1 1
3
1
1 1
960
2913
1 1
3123
102
1 1
1
362743
1 1
2
52
1 1
11
105814
1 1
293
221
1 1
189
2
1 1
32137
29
1 1
315245
6
1 1
29
1
1 1
934
3
1 1
1
6
1 1
882
713
1 1
3
8
1 1
211
87334
1 1
6
56
1 1
144421
22
1 1
887
11
1 1
520
134639
1 1
33
113
1 1
133
3218
1 1
256647
14
1 1
24552
3037
1 1
74198
670
1 1
2
775
1 1
63
207
1 1
509
1172
1 1
16
5
1 1
3
32
1 1
9
2205
1 1
1
692
1 1
3016
994
1 1
1270
33229
1 1
27
2198
1 1
321
1
1 1
380
2
1 1
3387
220
1 1
1
192
1 1
1
856
1 1
4
187665
1 1
209577
4
1 1
1
1
1 1
12
95075
1 1
1536
365
1 1
4
129233
1 1
2
44
1 1
31
135676
1 1
16333
3576
1 1
11999
347
1 1
1
175
1 1
122
1511
1 1
259821
31
1 1
3
44
1 1
172
3616
1 1
1182
6
1 1
76318
22
1 1
147975
7757
1 1
238730
1
1 1
1000
8
1 1
2
4
1 1
13
4455
1 1
3
82
1 1
34602
111
1 1
1307
9
1 1
1
72312
1 1
38232
64608
1 1
10
1
1 1
446
37402
1 1
1
133
1 1
674
47
1 1
3
4
1 1
2
379892
1 1
27142
2
1 1
59
62376
1 1
1
1
1 1
31
245038
1 1
95
8430
1 1
1530
3947
1 1
9568
228
1 1
494323
228467
1 1
121
21944
1 1
2
752
1 1
4
2
1 1
3
10
1 1
2
5
1 1
75341
1
1 1
1
1
1 1
113729
15208
1 1
14689
12032
1 1
4
2
1 1
3
6
1 1
26
51
1 1
2
40000
1 1
6
671
1 1
31
6142
1 1
153977
30721
1 1
1
9
1 1
118
14081
1 1
15
117
1 1
264
831
1 1
8
5048
1 1
1
18228
1 1
244
10055
1 1
10256
1
1 1
8
6
1 1
31326
52
1 1
13060
1146
1 1
1
67
1 1
9
92
1 1
1
20355
1 1
3
460
1 1
1087
3
1 1
236954
1
1 1
252
252723
1 1
4
1
1 1
56
7435
1 1
1
262245
1 1
1
4510
1 1
3692
15409
1 1
261566
1
1 1
26653
398
1 1
1
409374
1 1
424120
220
1 1
29
363151
1 1
3450
477
1 1
3
8028
1 1
2917
107
1 1
1
5629
1 1
26
31
1 1
608
28
1 1
455
3851
1 1
41
1
1 1
217
2349
1 1
16
1
1 1
1830
45
1 1
4
179
1 1
369
76
1 1
3
734
1 1
168470
442
1 1
216
1
1 1
19
9
1 1
49399
61
1 1
1005
46
1 1
4586
15
1 1
361416
2263
1 1
7
60
1 1
85
90
1 1
7
1576
1 1
50238
21949
1 1
108
80
1 1
2715
206
1 1
1413
2
1 1
37
34238
1 1
53305
46199
1 1
1
40087
1 1
860
1972
1 1
637
84
1 1
1
9951
1 1
2
8513
1 1
5
167
1 1
6720
4552
1 1
403
169
1 1
1200
1
1 1
337
1
1 1
3515
119
1 1
235369
1822
1 1
243
1
1 1
1552
122
1 1
766
1066
1 1
1
1631
1 1
3
4
1 1
33
1
1 1
415815
51705
1 1
1
3
1 1
54
26
1 1
37
6561
1 1
1
27
1 1
41621
27
1 1
3587
28
1 1
28
161547
1 1
6
29
1 1
45
37588
1 1
14
1
1 1
133962
75
1 1
114874
5
1 1
699
31
1 1
764
160
1 1
35
34
1 1
70004
3
1 1
13
22217
1 1
2899
65023
1 1
37
413
1 1
46
2
1 1
7
1326
1 1
3240
50
1 1
111
1109
1 1
219
119099
1 1
46964
93
1 1
14492
13
1 1
2
1
1 1
2
1288
1 1
464656
14
1 1
48
8
1 1
14
31
1 1
283
8
1 1
17
96
1 1
2
8
1 1
5
1
1 1
1722
4
1 1
260
1221
1 1
24
3270
1 1
720
314
1 1
146071
25
1 1
1426
1
1 1
8
212
1 1
53119
1
1 1
249064
203
1 1
118913
446
1 1
15
18221
1 1
189
8130
1 1
1
57
1 1
7259
557
1 1
796
16
1 1
153
8
1 1
8
1
1 1
1
14006
1 1
2503
1
1 1
17
53787
1 1
7
27436
1 1
1
2
1 1
1308
215
1 1
32177
114590
1 1
30926
1
1 1
3398
125
1 1
955
7
1 1
4
1287
1 1
2
2122
1 1
8
8119
1 1
59
32718
1 1
68
458723
1 1
148735
21020
1 1
2
2
1 1
1
106404
1 1
17
1
1 1
15751
95410
1 1
67002
1
1 1
7450
136
1 1
43147
2
1 1
29
57
1 1
29
64699
1 1
119
31415
1 1
72021
8
1 1
12885
302
1 1
122
10
1 1
17891
150
1 1
394372
368
1 1
26
28
1 1
46935
120
1 1
1
73
1 1
2
2
1 1
2
9336
1 1
9117
895
1 1
58748
11413
1 1
119082
202693
1 1
1
10
1 1
113
875
1 1
380
1
1 1
140
1
1 1
740
36597
1 1
32395
7
1 1
51
432
1 1
1088
667
1 1
1615
2
1 1
6
88828
1 1
39296
30487
1 1
4
454
1 1
38
52
1 1
12573
164305
1 1
4044
32
1 1
7974
1015
1 1
66
49
1 1
2586
19452
1 1
7100
22
1 1
3
1
1 1
1
1
1 1
7911
4
1 1
28
210
1 1
837
29773
1 1
27901
21637
1 1
3098
7
1 1
4
4
1 1
54
15
1 1
1
104447
1 1
86
770
1 1
1298
30
1 1
112
36
1 1
1
37
1 1
63
358
1 1
110201
510047
1 1
5513
1520
1 1
1
30
1 1
210
5
1 1
10958
1
1 1
12
1
1 1
55204
194250
1 1
1
17
1 1
63884
46300
1 1
1
235536
1 1
295525
131269
1 1
942
164871
1 1
431733
1
1 1
45
114
1 1
6056
16
1 1
4758
77
1 1
4302
28
1 1
259979
3
1 1
131
118
1 1
43
357809
1 1
5086
8230
1 1
317
2422
1 1
3
3544
1 1
73
3859
1 1
458
27
1 1
7
3807
1 1
14
5282
1 1
1
4720
1 1
22
10
1 1
67
22
1 1
17628
217747
1 1
1490
186
1 1
212840
458
1 1
1
3709
1 1
2
5
1 1
508
31
1 1
3150
118
1 1
1311
26098
1 1
62
1
1 1
6229
1
1 1
1
241
1 1
424
3363
1 1
2
1
1 1
1705
644
1 1
30
18434
1 1
236658
2
1 1
87
6980
1 1
13
484
1 1
7543
225
1 1
4163
955
1 1
426
62773
1 1
170
2
1 1
2
54
1 1
1
3
1 1
1
59
1 1
2089
2
1 1
915
8
1 1
109341
11
1 1
2
3
1 1
1
41
1 1
474
1144
1 1
239
300486
1 1
7
906
1 1
10
673
1 1
16931
1
1 1
77
122
1 1
166209
104454
1 1
28
1
1 1
3914
1
1 1
12655
1506
1 1
27665
4
1 1
4
591
1 1
42932
6
1 1
16337
51
1 1
87479
995
1 1
12234
1
1 1
15
1315
1 1
18722
3500
1 1
45269
39876
1 1
4
1217
1 1
9893
18
1 1
1
14
1 1
23623
32600
1 1
4434
1
1 1
56718
462
1 1
4
58576
1 1
25
1
1 1
26641
36508
1 1
5434
112
1 1
787
4110
1 1
1501
1467
1 1
1
268
1 1
114
6448
1 1
97
25039
1 1
7821
2
1 1
460
9863
1 1
163295
146057
1 1
113
7
1 1
26
26573
1 1
104275
1257
1 1
7
1449
1 1
3
209
1 1
3192
11
1 1
179321
3
1 1
4
20217
1 1
7
59921
1 1
1028
1
1 1
85
2176
1 1
10201
9037
1 1
4154
138
1 1
2822
7008
1 1
66
335
1 1
47
85
1 1
12
467058
1 1
28228
1
1 1
1
14
1 1
3
489
1 1
16328
2
1 1
1
19370
1 1
130127
10
1 1
4216
1269
1 1
9
9
1 1
1
19152
1 1
5724
62139
1 1
471
42885
1 1
314761
60
1 1
5
919
1 1
6226
1
1 1
2
1
1 1
4927
21
1 1
8
250
1 1
4049
92275
1 1
48760
60
1 1
471
1
1 1
431
20324
1 1
1
139451
1 1
6484
5061
1 1
1
1
1 1
2
1
1 1
117
1
1 1
352195
2208
1 1
4
1
1 1
47
3
1 1
2
1
1 1
40
253715
1 1
14
4381
1 1
392
27692
1 1
224124
13503
1 1
6
223
1 1
15879
1
1 1
3
97202
1 1
574
1
1 1
2100
13
1 1
1
934
1 1
28655
1178
1 1
1850
77500
1 1
31
242390
1 1
612
36
1 1
97946
119
1 1
2
3
1 1
1
1891
1 1
76490
54914
1 1
1
61
1 1
3208
13
1 1
7
160
1 1
2
19
1 1
12
136
1 1
138526
370948
1 1
60808
1
1 1
404
20970
1 1
11
93043
1 1
13
5
1 1
16
3
1 1
340
1
1 1
6855
152
1 1
8729
1228
1 1
31371
1828
1 1
457
972
1 1
427
46277
1 1
1
4
1 1
436
14
1 1
1441
69
1 1
54
3113
1 1
5
153
1 1
2280
87264
1 1
734
5
1 1
1
52
1 1
3
9
1 1
1
118
1 1
2
98233
1 1
3
118359
1 1
150032
1381
1 1
749
394
1 1
18
23
1 1
60513
4
1 1
74002
13915
1 1
59980
19
1 1
36544
15
1 1
1
1423
1 1
155
2
1 1
40820
169
1 1
2203
6688
1 1
63326
1
1 1
216
212348
1 1
49143
90
1 1
222308
1
1 1
17649
79
1 1
3334
2
1 1
1
123867
1 1
13571
13014
1 1
61
1224
1 1
213
106302
1 1
3
11402
1 1
13475
21
1 1
37313
8784
1 1
4
27516
1 1
1097
1264
1 1
2
2
1 1
65174
14
1 1
307
445995
1 1
14
1
1 1
1
10700
1 1
1
1773
1 1
220
1
1 1
19
329
1 1
194561
14379
1 1
5
193
1 1
23
299
1 1
3463
1095
1 1
1
1
1 1
4
132
1 1
1192
1
1 1
17299
13
1 1
219066
156842
1 1
29419
195262
1 1
17
2430
1 1
22
6450
1 1
29
190081
1 1
18072
1
1 1
1
2
1 1
1472
457014
1 1
1169
1
1 1
8
4
1 1
897
1
1 1
995
1577
1 1
166
1
1 1
404
1
1 1
1
1255
1 1
2
4677
1 1
2
23
1 1
10
7
1 1
9
770
1 1
131
63794
1 1
53
6359
1 1
115249
2561
1 1
1649
6244
1 1
1
1
1 1
19006
242
1 1
130107
3320
1 1
3
8021
1 1
73
12080
1 1
111619
4632
1 1
1
13
1 1
31512
1
1 1
6685
7672
1 1
9
449845
1 1
1912
8
1 1
28
1
1 1
213
300
1 1
1903
1
1 1
61568
6
1 1
489
8258
1 1
8
8
1 1
31
2
1 1
40
3865
1 1
48
2
1 1
77
26
1 1
5
734
1 1
87372
19
1 1
1
575
1 1
30
3691
1 1
329408
1
1 1
10
14263
1 1
4819
159
1 1
6137
1302
1 1
59
12
1 1
2
4403
1 1
3204
235004
1 1
39099
167
1 1
1
890
1 1
334824
66587
1 1
219626
13475
1 1
187
506455
1 1
3
7512
1 1
623
126
1 1
2
9
1 1
2034
95
1 1
246939
441886
1 1
45
30
1 1
4
111
1 1
1778
219
1 1
15
4
1 1
282
123
1 1
1
15630
1 1
1
6162
1 1
21
6253
1 1
1
2
1 1
1
17778
1 1
6159
1882
1 1
1084
124
1 1
735
111
1 1
13
26
1 1
4
29645
1 1
7835
4850
1 1
1999
60
1 1
5945
1
1 1
243
19
1 1
38576
8
1 1
778
1
1 1
1
93241
1 1
875
674
1 1
426
1594
1 1
1
4538
1 1
411
85
1 1
27643
1980
1 1
4334
524
1 1
1
4
1 1
43
4084
1 1
155233
691
1 1
251
3183
1 1
103
22642
1 1
86
9349
1 1
2
82039
1 1
1
49996
1 1
663
3
1 1
5661
235718
1 1
90253
1
1 1
16
38
1 1
394
2
1 1
121951
40
1 1
7
51802
1 1
3
4
1 1
7101
1
1 1
4
373
1 1
225
101889
1 1
4933
5736
1 1
663
174882
1 1
16
11426
1 1
4
2
1 1
4
4035
1 1
29
988
1 1
125794
1854
1 1
1
6
1 1
1
207
1 1
98343
12
1 1
15206
1
1 1
8261
249
1 1
61
1
1 1
38
12862
1 1
13873
420461
1 1
1
7603
1 1
243847
118
1 1
1722
1
1 1
1650
13
1 1
80529
54763
1 1
3
4
1 1
1
26560
1 1
16828
2
1 1
968
15769
1 1
23
2
1 1
2
188243
1 1
9
58
1 1
206
63
1 1
52812
121246
1 1
123
470813
1 1
27835
63054
1 1
1903
163
1 1
600
33
1 1
46
4
1 1
729
1
1 1
20471
15
1 1
22186
15173
1 1
255
4
1 1
2823
10179
1 1
12340
697
1 1
2
251
1 1
25120
127
1 1
1808
213465
1 1
1229
3769
1 1
8
5
1 1
10098
387
1 1
1
1922
1 1
42
497719
1 1
997
1814
1 1
333
2
1 1
73455
80
1 1
1595
10
1 1
1706
5966
1 1
19030
6
1 1
457404
11070
1 1
116
4
1 1
11170
3
1 1
31
5
1 1
880
474
1 1
8296
1
1 1
14
21
1 1
178168
7
1 1
1
8
1 1
1
229244
1 1
8
97430
1 1
4
96147
1 1
3561
8
1 1
1
6
1 1
235
2
1 1
176
11448
1 1
6
11
1 1
1
85
1 1
14818
3
1 1
119
3
1 1
86
3282
1 1
129241
22
1 1
53
464
1 1
245272
7470
1 1
608
31179
1 1
3570
728
1 1
3364
1
1 1
34
2778
1 1
23021
11212
1 1
1
4753
1 1
92957
73
1 1
16
244863
1 1
197
45624
1 1
226249
12975
1 1
10020
259638
1 1
4
3
1 1
20999
720
1 1
1
9
1 1
16
142
1 1
1
4035
1 1
360
34248
1 1
7565
4629
1 1
169184
1114
1 1
34664
12565
1 1
1
2
1 1
6
38
1 1
7812
121432
1 1
14226
183
1 1
167
2108
1 1
27353
2
1 1
3563
1
1 1
6132
129242
1 1
117
22
1 1
56196
6864
1 1
2848
57
1 1
2
239784
1 1
6084
317
1 1
2
1
1 1
67033
1195
1 1
215
46
1 1
1
2
1 1
13
7
1 1
11
54
1 1
1209
47
1 1
35688
16
1 1
3011
115
1 1
3
822
1 1
1065
198
1 1
2
1969
1 1
105
3
1 1
11
14
1 1
845
32970
1 1
129590
117
1 1
32685
1232
1 1
1
494
1 1
30099
7
1 1
20275
11
1 1
32
3
1 1
3114
69446
1 1
404
187
1 1
1960
22
1 1
41
443
1 1
13968
239
1 1
5
5207
1 1
32753
336
1 1
23363
65
1 1
196
2
1 1
24
1
1 1
11
17945
1 1
2868
8
1 1
11252
26
1 1
1159
96734
1 1
381
2
1 1
1
471226
1 1
60
107672
1 1
59326
20
1 1
392
50160
1 1
428
489
1 1
458
2746
1 1
43807
3
1 1
3
14864
1 1
8093
24
1 1
32749
59
1 1
27
209503
1 1
107
3
1 1
369806
26349
1 1
37
1
1 1
3924
2274
1 1
69
178
1 1
101774
1
1 1
6381
158161
1 1
32168
69087
1 1
184
154812
1 1
12
1056
1 1
114992
123
1 1
4562
1
1 1
1
33
1 1
1
2111
1 1
1
260464
1 1
173
2
1 1
5459
1993
1 1
37449
940
1 1
6546
2
1 1
57
11719
1 1
406810
2
1 1
20284
3
1 1
3586
4424
1 1
1
3980
1 1
1
1
1 1
345401
5091
1 1
1569
7
1 1
13
11
1 1
15
4
1 1
66
217
1 1
399136
114048
1 1
2944
50575
1 1
246
1035
1 1
51440
15852
1 1
335
16
1 1
565
1
1 1
244
149070
1 1
3
3373
1 1
2
39
1 1
31
1483
1 1
219
45943
1 1
51693
971
1 1
8
2
1 1
1739
1540
1 1
10
703
1 1
1
11519
1 1
8
56
1 1
85357
3
1 1
959
50196
1 1
2
1
1 1
257
100812
1 1
5
941
1 1
313
474
1 1
5269
17504
1 1
4
1253
1 1
11009
43787
1 1
1
2
1 1
1
150
1 1
26288
21842
1 1
83
197764
1 1
2883
5774
1 1
652
15
1 1
9317
1
1 1
1215
15
1 1
13
1
1 1
11378
202703
1 1
2049
441324
1 1
17160
93315
1 1
5
171
1 1
7
33
1 1
2
15
1 1
52082
157720
1 1
29
1
1 1
200
30
1 1
453184
196
1 1
629
36
1 1
195
4
1 1
3
36287
1 1
13
210430
1 1
607
9
1 1
4009
71
1 1
21
25390
1 1
648
3768
1 1
1971
36
1 1
59
105287
1 1
1641
20
1 1
15559
4
1 1
6922
4
1 1
12440
1428
1 1
2
55875
1 1
2
8
1 1
1515
2619
1 1
8474
231
1 1
14
2
1 1
304
91326
1 1
5425
303
1 1
11
1636
1 1
26
1
1 1
984
51
1 1
52
29
1 1
3862
772
1 1
296
1
1 1
222546
3
1 1
1
7604
1 1
62327
104
1 1
6510
6562
1 1
3
82185
1 1
939
1111
1 1
7330
84105
1 1
1
4
1 1
7542
2888
1 1
1
6502
1 1
2039
814
1 1
1
675
1 1
8
413
1 1
8153
13967
1 1
97
1713
1 1
40
1
1 1
112663
21
1 1
1980
9
1 1
2
2
1 1
2471
2
1 1
127
34086
1 1
11047
77
1 1
1
2
1 1
110111
4
1 1
98124
28990
1 1
434
75
1 1
1329
23
1 1
36493
3
1 1
32
12
1 1
1861
130
1 1
7570
7
1 1
18
988
1 1
151
1336
1 1
123508
2
1 1
4
15
1 1
2
90624
1 1
3851
59
1 1
3698
2
1 1
49250
54
1 1
219179
495
1 1
2
6305
1 1
199
8
1 1
13
18400
1 1
5043
6510
1 1
669
32
1 1
85
746
1 1
12
2048
1 1
4309
1851
1 1
1
20992
1 1
6
1491
1 1
1
102512
1 1
2
9835
1 1
38
2773
1 1
9128
13
1 1
2
1
1 1
1
380982
1 1
2715
3
1 1
546
56
1 1
4
89
1 1
240707
11
1 1
195
213399
1 1
189046
15555
1 1
16
63
1 1
40712
12277
1 1
122
9
1 1
1024
31
1 1
2034
20142
1 1
8512
169019
1 1
314461
52
1 1
318
172016
1 1
11602
161
1 1
68
1
1 1
14236
1
1 1
63068
235743
1 1
6
5
1 1
6
6
1 1
4
2
1 1
2750
4876
1 1
1
22
1 1
31911
1
1 1
11
35165
1 1
2
2929
1 1
49
7
1 1
8048
1435
1 1
379
2036
1 1
1
12761
1 1
18
1
1 1
3044
22352
1 1
41307
8
1 1
494192
8
1 1
14160
46757
1 1
22081
1188
1 1
29
297
1 1
1
180
1 1
58
10826
1 1
157
415
1 1
627
3392
1 1
2176
122518
1 1
268
520
1 1
31675
10
1 1
1
10972
1 1
37651
1
1 1
24
27
1 1
20754
27342
1 1
211554
3
1 1
7
1378
1 1
2
320
1 1
9260
2919
1 1
3613
208
1 1
15
6
1 1
4398
114021
1 1
23075
4
1 1
2147
9317
1 1
89
1190
1 1
162
23371
1 1
1331
84
1 1
5400
107
1 1
13567
41317
1 1
1503
4963
1 1
7222
11630
1 1
14128
175
1 1
638
4
1 1
79
10
1 1
2
12317
1 1
3635
17
1 1
956
30
1 1
27
19
1 1
1095
22867
1 1
6215
15582
1 1
62883
24990
1 1
54
13125
1 1
131
128075
1 1
1
91
1 1
49870
47471
1 1
6
15
1 1
28103
568
1 1
67753
2
1 1
1789
4
1 1
193
490
1 1
14729
55
1 1
1
40
1 1
55
4
1 1
5
319
1 1
4
7195
1 1
203
4674
1 1
396
330
1 1
44
3
1 1
195
22
1 1
5
28943
1 1
3792
669
1 1
3542
1696
1 1
226372
1
1 1
4
22825
1 1
189941
178884
1 1
3
93069
1 1
1
45355
1 1
116
1236
1 1
1
444
1 1
132
204
1 1
3
118
1 1
27
2
1 1
616
10
1 1
4
300
1 1
1
1281
1 1
1
259434
1 1
90
11421
1 1
124
16
1 1
397583
19
1 1
510
26
1 1
28
2
1 1
4686
851
1 1
1742
600
1 1
1
799
1 1
4360
1
1 1
2
718
1 1
1
14
1 1
1
4
1 1
15296
33
1 1
7
1
1 1
121289
122
1 1
64
33
1 1
393
40097
1 1
35096
57310
1 1
1
2
1 1
491
2930
1 1
6946
141
1 1
1559
41
1 1
97
1149
1 1
555
3
1 1
60000
66626
1 1
141
2
1 1
1
297
1 1
4466
30355
1 1
1465
231
1 1
2
485
1 1
46828
4
1 1
165
9
1 1
327062
20
1 1
6
52
1 1
16849
52297
1 1
5575
79
1 1
1
141839
1 1
3
538
1 1
1
152
1 1
258058
1
1 1
1305
10476
1 1
348
109
1 1
52
55202
1 1
559
54
1 1
27607
122
1 1
125292
1
1 1
36995
6
1 1
3443
52
1 1
194418
11018
1 1
84
3070
1 1
17230
1
1 1
54671
9252
1 1
1704
7895
1 1
2249
5449
1 1
34
3591
1 1
2
118
1 1
141
2
1 1
5670
12
1 1
5
897
1 1
245
1
1 1
5664
25
1 1
120
747
1 1
29616
1
1 1
177728
392
1 1
11418
2
1 1
26
297043
1 1
124
500
1 1
3203
576
1 1
583
4939
1 1
3
48311
1 1
4871
57
1 1
108
12853
1 1
26019
6529
1 1
101
1
1 1
154
424
1 1
1
84
1 1
64
455
1 1
4
1
1 1
37086
2
1 1
4
1965
1 1
5
10
1 1
21
17
1 1
13
23581
1 1
705
1212
1 1
215823
1
1 1
7982
9088
1 1
6
302
1 1
3615
36
1 1
11540
1
1 1
818
167184
1 1
137
20
1 1
1
4
1 1
14955
36682
1 1
2
3125
1 1
412
1
1 1
37580
324850
1 1
430
252
1 1
44
1
1 1
1
5084
1 1
35415
2
1 1
33298
123618
1 1
1
421501
1 1
4
1
1 1
10940
8
1 1
1686
1
1 1
7067
10
1 1
32
80
1 1
41109
15390
1 1
224
131028
1 1
5215
25409
1 1
100
10852
1 1
141
740
1 1
3
4
1 1
1301
1
1 1
18
43246
1 1
9
6
1 1
1
624
1 1
53447
1644
1 1
15
2
1 1
2
39104
1 1
16
315584
1 1
1059
504332
1 1
18
19
1 1
448
4
1 1
6804
8
1 1
927
2
1 1
23
2
1 1
46882
3823
1 1
1
6556
1 1
24
4
1 1
61049
198582
1 1
3
1
1 1
420349
2
1 1
23424
3
1 1
1
2617
1 1
25946
7
1 1
7
327
1 1
404
90
1 1
349
218
1 1
10
25745
1 1
223188
15954
1 1
74541
15
1 1
5949
5949
1 1
677
1516
1 1
14
5
1 1
14753
5813
1 1
3
4908
1 1
8
40
1 1
379066
2
1 1
2
4
1 1
51
280258
1 1
7
4
1 1
26614
13
1 1
11312
4338
1 1
83949
109
1 1
212765
4
1 1
3
6436
1 1
25180
422
1 1
35
3581
1 1
51482
23
1 1
168081
1172
1 1
143566
15
1 1
404997
8
1 1
1
1
1 1
96429
1423
1 1
60820
4
1 1
10
119660
1 1
41563
11
1 1
29
20032
1 1
19
501221
1 1
31235
392729
1 1
1
53
1 1
15361
4186
1 1
598
27
1 1
33
89
1 1
18144
361609
1 1
35
170790
1 1
21
1316
1 1
41467
41351
1 1
13
109217
1 1
42
1099
1 1
3917
556
1 1
4
1
1 1
207662
2
1 1
3
27
1 1
1
362
1 1
6988
14153
1 1
2
5
1 1
2
361
1 1
410962
884
1 1
34
1382
1 1
13
473503
1 1
2207
1
1 1
61550
3
1 1
2
2922
1 1
24614
2
1 1
410
2
1 1
64925
56
1 1
22598
1161
1 1
15
5583
1 1
31
752
1 1
4227
24
1 1
3323
4706
1 1
31
2
1 1
306
1
1 1
28290
4
1 1
373
1
1 1
3714
3
1 1
244
1835
1 1
57
7766
1 1
62
992
1 1
2730
15897
1 1
1
78
1 1
6625
1
1 1
662
577
1 1
15608
45
1 1
29310
6525
1 1
1
1
1 1
9
9
1 1
365
708
1 1
61
8
1 1
4
3
1 1
210
120
1 1
1
2916
1 1
31781
7
1 1
77
11
1 1
12786
18
1 1
128
8486
1 1
214
157
1 1
16222
26
1 1
1
571
1 1
3420
657
1 1
104418
901
1 1
923
23725
1 1
1
21023
1 1
114425
5
1 1
103
8
1 1
70108
6
1 1
142734
8
1 1
2243
1
1 1
1
104
1 1
455
15
1 1
108
18
1 1
1
28
1 1
27
143251
1 1
112
507
1 1
2636
1
1 1
6228
11
1 1
58
112
1 1
3042
1556
1 1
26471
495
1 1
5382
20
1 1
2
2
1 1
20397
757
1 1
1
331
1 1
27
5
1 1
19
36
1 1
488
187
1 1
61373
216
1 1
179144
2950
1 1
10
56825
1 1
1
9
1 1
49
423
1 1
20
2
1 1
60481
126
1 1
1976
56
1 1
81
467
1 1
43
762
1 1
9901
219051
1 1
8
1
1 1
6628
23
1 1
36
10966
1 1
1
6
1 1
7410
3758
1 1
2
36
1 1
1660
49853
1 1
7939
29
1 1
1365
95
1 1
11
3595
1 1
49042
109747
1 1
15368
2
1 1
151637
1191
1 1
1
85099
1 1
42
1
1 1
1
1
1 1
775
23
1 1
11438
97
1 1
1
7
1 1
2
1733
1 1
9
172
1 1
13091
37394
1 1
19
11848
1 1
4
300
1 1
2431
495
1 1
7040
58
1 1
15622
73599
1 1
197
2
1 1
4
4
1 1
28869
63
1 1
3844
19
1 1
1
189
1 1
16396
1
1 1
1104
1935
1 1
5
2
1 1
7
3282
1 1
410
3059
1 1
205
430044
1 1
6
750
1 1
8
14
1 1
520163
2
1 1
27793
1
1 1
79
17
1 1
148529
51345
1 1
1728
8666
1 1
21886
11606
1 1
13
46
1 1
417639
13966
1 1
16223
2
1 1
857
73025
1 1
21
987
1 1
6
7480
1 1
33248
987
1 1
28
6956
1 1
27635
3321
1 1
711
476
1 1
57
4
1 1
3579
112
1 1
1
54
1 1
491
13713
1 1
11693
181
1 1
326
1
1 1
14
430
1 1
17
110
1 1
7611
246318
1 1
6
206415
1 1
61
484518
1 1
1
1
1 1
2
14853
1 1
29312
1190
1 1
24587
1
1 1
12298
13
1 1
1
396981
1 1
3233
2
1 1
14605
1
1 1
2
9591
1 1
525
47948
1 1
30324
7114
1 1
1
1108
1 1
1
384
1 1
1
3
1 1
21523
13949
1 1
921
24
1 1
12
86951
1 1
227180
10
1 1
28759
66
1 1
11
34
1 1
13134
149
1 1
589
116
1 1
108587
44608
1 1
1
767
1 1
2
227
1 1
1
2024
1 1
1538
1
1 1
27
1
1 1
39044
4
1 1
13627
1204
1 1
875
252
1 1
29
712
1 1
14816
6555
1 1
326
1245
1 1
2
1
1 1
5310
111889
1 1
3
1
1 1
2
4808
1 1
7410
342
1 1
3537
17711
1 1
18688
4
1 1
27
13288
1 1
11
48
1 1
10284
4557
1 1
1
3
1 1
4
123164
1 1
1245
152558
1 1
11524
253
1 1
147
8
1 1
504
360413
1 1
2
6455
1 1
3
985
1 1
57366
1
1 1
1
1237
1 1
69122
53159
1 1
1868
7185
1 1
6948
5984
1 1
1603
85
1 1
14
64148
1 1
2007
28634
1 1
29
1445
1 1
54915
1
1 1
35227
7
1 1
33
4
1 1
60
2
1 1
4537
1
1 1
20724
262
1 1
301
3765
1 1
329354
53
1 1
34605
64811
1 1
54552
89542
1 1
1619
1695
1 1
15163
8
1 1
136
14150
1 1
52
4
1 1
3131
39
1 1
786
271
1 1
15640
17109
1 1
1
9996
1 1
445
4
1 1
240581
200
1 1
6
292
1 1
9642
92368
1 1
440570
37702
1 1
47
434
1 1
48
109
1 1
1
553
1 1
99421
2053
1 1
1475
21
1 1
830
445
1 1
2
21
1 1
1580
5
1 1
14
232
1 1
1283
107
1 1
4
14029
1 1
79
5
1 1
45
10
1 1
3638
6
1 1
243345
218444
1 1
432
113755
1 1
1
8
1 1
3
26
1 1
13
79
1 1
9827
578
1 1
23218
3610
1 1
19
4
1 1
3325
2
1 1
5
4439
1 1
3229
4
1 1
7
43357
1 1
248104
125498
1 1
1
17
1 1
1003
1
1 1
15
335029
1 1
18
61892
1 1
10
1431
1 1
6
2
1 1
1577
58
1 1
85
8
1 1
52
2
1 1
7
114375
1 1
93371
3562
1 1
246748
9
1 1
6
1
1 1
272
26235
1 1
2
9834
1 1
31181
101
1 1
24
7
1 1
1281
3863
1 1
1
31
1 1
1
201
1 1
1
65
1 1
505358
3776
1 1
1963
19
1 1
232068
2025
1 1
379
3770
1 1
4
2
1 1
3
4
1 1
6547
18
1 1
70156
2995
1 1
151
61
1 1
8
4
1 1
112
6207
1 1
4
1
1 1
88
144920
1 1
16460
431702
1 1
43
33171
1 1
194309
48
1 1
234
97
1 1
2597
3109
1 1
5651
1
1 1
2
1
1 1
113275
28743
1 1
517
30579
1 1
7094
92475
1 1
9394
1
1 1
167622
222
1 1
123
4
1 1
178799
18744
1 1
2
3
1 1
2987
6588
1 1
1
394965
1 1
24330
380
1 1
6003
6
1 1
7308
2
1 1
69
400086
1 1
364
1
1 1
2
15
1 1
237386
1871
1 1
10
50985
1 1
22783
12
1 1
5
1
1 1
6
29613
1 1
2
2
1 1
2
92039
1 1
16
380
1 1
3
1335
1 1
84271
10
1 1
1
5
1 1
459
118966
1 1
10
3
1 1
103
4425
1 1
191378
783
1 1
69
126892
1 1
3
30486
1 1
50
589
1 1
2
10849
1 1
366
396
1 1
62
3282
1 1
4711
1
1 1
6731
1067
1 1
5068
193
1 1
224066
122262
1 1
3
8
1 1
165385
139
1 1
3458
138010
1 1
2
24
1 1
25782
2
1 1
219
33378
1 1
1008
2
1 1
45184
94703
1 1
2467
357
1 1
1
3
1 1
7
968
1 1
3
1809
1 1
479
7
1 1
34
942
1 1
2
7374
1 1
52033
25072
1 1
1
19
1 1
19493
470
1 1
1
1
1 1
1542
1
1 1
1
59
1 1
1
17
1 1
38666
1242
1 1
179
1
1 1
30
12
1 1
454609
1
1 1
2
54
1 1
582
51688
1 1
7419
5
1 1
7864
277
1 1
1
4
1 1
43
51
1 1
382476
9
1 1
144573
28
1 1
148054
74
1 1
61420
40
1 1
1842
1
1 1
1
21300
1 1
9190
31941
1 1
520986
57408
1 1
79283
75821
1 1
2
123260
1 1
82
11551
1 1
7394
10598
1 1
515
480
1 1
7
781
1 1
2
1
1 1
51
2
1 1
295
86
1 1
13917
51912
1 1
21398
38947
```
Your Output:
```
1000000009
1000000009
1000000009
1000000009
1000000009
1000000009
1000000009
1000000009
1000000009
1000000009
1000000009
1000000009
1000000009
1000000009
1000000009
1000000009
1000000009
1000000009
1000000009
1000000009
1000000009
1000000009
1000000009
1000000009
1000000009
1000000009
1000000009
1000000009
1000000009
1000000009
1000000009
1000000009
1000000009
1000000009
1000000009
1000000009
1000000009
1000000009
1000000009
1000000009
1000000009
1000000009
1000000009
1000000009
1000000009
1000000009
1000000009
1000000009
1000000009
1000000009
1000000009
1000000009
1000000009
1000000009
1000000009
1000000009
1000000009
1000000009
1000000009
1000000009
1000000009
1000000009
1000000009
1000000009
1000000009
1000000009
1000000009
1000000009
1000000009
1000000009
1000000009
1000000009
1000000009
1000000009
1000000009
1000000009
1000000009
1000000009
1000000009
1000000009
1000000009
1000000009
1000000009
1000000009
1000000009
1000000009
1000000009
1000000009
1000000009
1000000009
1000000009
1000000009
1000000009
1000000009
1000000009
1000000009
1000000009
1000000009
1000000009
1000000009
1000000009
1000000009
1000000009
1000000009
1000000009
1000000009
1000000009
1000000009
1000000009
1000000009
1000000009
1000000009
1000000009
1000000009
1000000009
1000000009
1000000009
1000000009
1000000009
1000000009
1000000009
1000000009
1000000009
1000000009
1000000009
1000000009
1000000009
1000000009
1000000009
1000000009
1000000009
1000000009
1000000009
1000000009
1000000009
1000000009
1000000009
1000000009
1000000009
1000000009
1000000009
1000000009
1000000009
1000000009
1000000009
1000000009
1000000009
1000000009
1000000009
1000000009
1000000009
1000000009
1000000009
1000000009
1000000009
1000000009
1000000009
1000000009
1000000009
1000000009
1000000009
1000000009
1000000009
1000000009
1000000009
1000000009
1000000009
1000000009
1000000009
1000000009
1000000009
1000000009
1000000009
1000000009
1000000009
1000000009
1000000009
1000000009
1000000009
1000000009
1000000009
1000000009
1000000009
1000000009
1000000009
1000000009
1000000009
1000000009
1000000009
1000000009
1000000009
1000000009
1000000009
1000000009
1000000009
1000000009
1000000009
1000000009
1000000009
1000000009
1000000009
1000000009
1000000009
1000000009
1000000009
1000000009
1000000009
1000000009
1000000009
1000000009
1000000009
1000000009
1000000009
1000000009
1000000009
1000000009
1000000009
1000000009
1000000009
1000000009
1000000009
1000000009
1000000009
1000000009
1000000009
1000000009
1000000009
1000000009
1000000009
1000000009
1000000009
1000000009
1000000009
1000000009
1000000009
1000000009
1000000009
1000000009
1000000009
1000000009
1000000009
1000000009
1000000009
1000000009
1000000009
1000000009
1000000009
1000000009
1000000009
1000000009
1000000009
1000000009
1000000009
1000000009
1000000009
1000000009
1000000009
1000000009
1000000009
1000000009
1000000009
1000000009
1000000009
1000000009
1000000009
1000000009
1000000009
1000000009
1000000009
1000000009
1000000009
1000000009
1000000009
1000000009
1000000009
1000000009
1000000009
1000000009
1000000009
1000000009
1000000009
1000000009
1000000009
1000000009
1000000009
1000000009
1000000009
1000000009
1000000009
1000000009
1000000009
1000000009
1000000009
1000000009
1000000009
1000000009
1000000009
1000000009
1000000009
1000000009
1000000009
1000000009
1000000009
1000000009
1000000009
1000000009
1000000009
1000000009
1000000009
1000000009
1000000009
1000000009
1000000009
1000000009
1000000009
1000000009
1000000009
1000000009
1000000009
1000000009
1000000009
1000000009
1000000009
1000000009
1000000009
1000000009
1000000009
1000000009
1000000009
1000000009
1000000009
1000000009
1000000009
1000000009
1000000009
1000000009
1000000009
1000000009
1000000009
1000000009
1000000009
1000000009
1000000009
1000000009
1000000009
1000000009
1000000009
1000000009
1000000009
1000000009
1000000009
1000000009
1000000009
1000000009
1000000009
1000000009
1000000009
1000000009
1000000009
1000000009
1000000009
1000000009
1000000009
1000000009
1000000009
1000000009
1000000009
1000000009
1000000009
1000000009
1000000009
1000000009
1000000009
1000000009
1000000009
1000000009
1000000009
1000000009
1000000009
1000000009
1000000009
1000000009
1000000009
1000000009
1000000009
1000000009
1000000009
1000000009
1000000009
1000000009
1000000009
1000000009
1000000009
1000000009
1000000009
1000000009
1000000009
1000000009
1000000009
1000000009
1000000009
1000000009
1000000009
1000000009
1000000009
1000000009
1000000009
1000000009
1000000009
1000000009
1000000009
1000000009
1000000009
1000000009
1000000009
1000000009
1000000009
1000000009
1000000009
1000000009
1000000009
1000000009
1000000009
1000000009
1000000009
1000000009
1000000009
1000000009
1000000009
1000000009
1000000009
1000000009
1000000009
1000000009
1000000009
1000000009
1000000009
1000000009
1000000009
1000000009
1000000009
1000000009
1000000009
1000000009
1000000009
1000000009
1000000009
1000000009
1000000009
1000000009
1000000009
1000000009
1000000009
1000000009
1000000009
1000000009
1000000009
1000000009
1000000009
1000000009
1000000009
1000000009
1000000009
1000000009
1000000009
1000000009
1000000009
1000000009
1000000009
1000000009
1000000009
1000000009
1000000009
1000000009
1000000009
1000000009
1000000009
1000000009
1000000009
1000000009
1000000009
1000000009
1000000009
1000000009
1000000009
1000000009
1000000009
1000000009
1000000009
1000000009
1000000009
1000000009
1000000009
1000000009
1000000009
1000000009
1000000009
1000000009
1000000009
1000000009
1000000009
1000000009
1000000009
1000000009
1000000009
1000000009
1000000009
1000000009
1000000009
1000000009
1000000009
1000000009
1000000009
1000000009
1000000009
1000000009
1000000009
1000000009
1000000009
1000000009
1000000009
1000000009
1000000009
1000000009
1000000009
1000000009
1000000009
1000000009
1000000009
1000000009
1000000009
1000000009
1000000009
1000000009
1000000009
1000000009
1000000009
1000000009
1000000009
1000000009
1000000009
1000000009
1000000009
1000000009
1000000009
1000000009
1000000009
1000000009
1000000009
1000000009
1000000009
1000000009
1000000009
1000000009
1000000009
1000000009
1000000009
1000000009
1000000009
1000000009
1000000009
1000000009
1000000009
1000000009
1000000009
1000000009
1000000009
1000000009
1000000009
1000000009
1000000009
1000000009
1000000009
1000000009
1000000009
1000000009
1000000009
1000000009
1000000009
1000000009
1000000009
1000000009
1000000009
1000000009
1000000009
1000000009
1000000009
1000000009
1000000009
1000000009
1000000009
1000000009
1000000009
1000000009
1000000009
1000000009
1000000009
1000000009
1000000009
1000000009
1000000009
1000000009
1000000009
1000000009
1000000009
1000000009
1000000009
1000000009
1000000009
1000000009
1000000009
1000000009
1000000009
1000000009
1000000009
1000000009
1000000009
1000000009
1000000009
1000000009
1000000009
1000000009
1000000009
1000000009
1000000009
1000000009
1000000009
1000000009
1000000009
1000000009
1000000009
1000000009
1000000009
1000000009
1000000009
1000000009
1000000009
1000000009
1000000009
1000000009
1000000009
1000000009
1000000009
1000000009
1000000009
1000000009
1000000009
1000000009
1000000009
1000000009
1000000009
1000000009
1000000009
1000000009
1000000009
1000000009
1000000009
1000000009
1000000009
1000000009
1000000009
1000000009
1000000009
1000000009
1000000009
1000000009
1000000009
1000000009
1000000009
1000000009
1000000009
1000000009
1000000009
1000000009
1000000009
1000000009
1000000009
1000000009
1000000009
1000000009
1000000009
1000000009
1000000009
1000000009
1000000009
1000000009
1000000009
1000000009
1000000009
1000000009
1000000009
1000000009
1000000009
1000000009
1000000009
1000000009
1000000009
1000000009
1000000009
1000000009
1000000009
1000000009
1000000009
1000000009
1000000009
1000000009
1000000009
1000000009
1000000009
1000000009
1000000009
1000000009
1000000009
1000000009
1000000009
1000000009
1000000009
1000000009
1000000009
1000000009
1000000009
1000000009
1000000009
1000000009
1000000009
1000000009
1000000009
1000000009
1000000009
1000000009
1000000009
1000000009
1000000009
1000000009
1000000009
1000000009
1000000009
1000000009
1000000009
1000000009
1000000009
1000000009
1000000009
1000000009
10000000
```
Expected Output:
```
20528673
510
240
1426350
628773908
60
44262
23875
190596
380
120
1
342580362
159898
225123
1880
99615740
2928960
2430
161070118
2928
3
66
253624
3067056
205173
225650
1248876
1004740
165
106249809
429896700
58429
11503626
269153
67771800
55613580
12600
61212
7341
29968428800
34
2066922
1052
10773126
5841954
412
8
1778
34
240
44343259
500148
30
668288
92799
139524
29431853
449280
13200
64552221
41
28
22812
298669314
69510
51722
420429690
176
63520035
348
182286169
24
3412488
742
1047
257530
6340
4
580918
1354
7638392916
14784
2746170
390164
12
191577
9
76811910
2348464
11641056
348370
1288073332
60623136
4243500
486777
1768
2549495
319
99
131445
449994
426420
361866455
40532736
5398
248412
57440084
1748
11856
3109246
1155869
8253812
1844162856
11649706
8095
3752
136
52960848
1375180983
145277
289149539
4896585
909
165603620
1626222
1149724
74018452
1531818
365514440
2
488866
35224289
5080
10392057
4896390645
640
188
3466368
10425776496
2816
6
2398848
516615
93
796
168
776
3136
18638477
359785783
4653312
69200
339
136
1553075
106055777
973400
1516
436565808
2708697
930
146943
108108
2358
29188
7618401
208923
14140
20429504733
3135
51454950
600
6930998
168
52163550
11025
166502
691108
15488
239680
816
16195
70
4830117
61
216056
3456
325338
1487868
1020
3292
14424
1428
2013
42654
41798400
558090
5324859
6
46368
1176240
59144
37814891475
12467
475444725
17249535
555964
169770600
28
9976384
5392
6
31005
5729880
195860
117
30
66
188
529609248
347427472
4699334
21165
32000287
392
13908574
49
8064
2443330968
15899
1188288250
71388
183223
792
7639649675
8622216
193041
1002718
7500
97536
3095
40665
18
527528
1205
206203100
9208
2205008
621
403104
3488
114705
388752
310746
1400933930
380
14576
139
5438
13272
710892
6653046
4
5413648
757305
1327098
189732
15111
7
592
286572
1137
42117
3306554
1440418720
117868
20
10074
882816
6440
51446032
14441
1000508
4
45
165748
7593500
3857280
1006830
205285766
40726935756
7482807
4880
495
16046776
8992098
408
30357093
6
17689
363290
8
47
204191
84308183
71731440
582496
5185818
1177947
64214535
3320
4284
69872
786007
114569
9104067
1285176
1
2
317504572
871472
6752
40
3916
1713161
3900041264
485335793
2050686
25680
1
31679
106119
7824
2541
82928190
179531100
573141729
10078974
33611776
58223286
12
539396
416234
9890
2010
5148
47916
10541965
276312
2800688
936384
117943
4977
118704
2734
3096
163944
122650
3346
493
58017
6933126
27573448
73006
64
327910625
243675
9899576
6280379
1700
970114
12630
392
1820429
204541050
125404160
82021851
2280
1862
3242911
281589
59956
382722783
6727
32025420
552640
420
8
280
914240
65329
29030
3610
992
1217568
11135056020
4
15270
12132328315
75320
9
1574316
31681500
108630450
1643000
41413680
10
11469
38893
10
858704
255292905
6798
23769950
5
5266014
4553
6401184
369022833
1291248
1167600
4
4860
796026
6632
94650
27
6156704
100432
2036
14
8
76
15234390
31192226660
294030
33514700
10703210252
28403
161
79825
37011
2046
259839
222272
24576
134976
1355203
24543
420843601
315
184080
1362
1352
17
23589336
90377
49178
511360
344110
194656
1504687350
116144
1547664
6
4536344
11229
1023808
2769901
3376
27540
324002
496
901450
17244
87
2316470
163590460
2170840
280
204
4
1198017
10320
55309
52
1224
53996241
13074124
287672
186
3
463
1320
235
45
2666405
29960
1270
96
29567
2487820
7108790
80940783
110
1830200470
6
7412104
3329235
3419670
43
907
503799
135400
23414
5551
212
25548824
230489856
677
166044
50188
492303308
1
6769576
2723985805
311004
357570
12902
6
8
97244
1621199330
25485
630
51296
343149
597730224
14434706
4
30
669247677
1342
206
40927020
751716
24870660
624
42
256252
744279
129
15200
673808
12857967
3332937568
7359290
118918114
724
4563775
101505
113463
2022
28422480
71
1024
365
50350280
95940
2729364
2464
3586
60564
301917
3584
90604
4074021
98
274727684
260599038
912
8
696164
2856
784
564764
126
8
11384037
102
597252
2706
2444
532
17
7806748754
5562360
4128
7103373440
24016324207
225420
183742
1830427
17
3964520208
8782294
4368
3013656
4001666
1395550132
12656
1
23754
15476
121904
7445
8537452
9984
2498597310
1309200
18828916712
4390
1
165
57279304
12459
229256670
6926612
21
112600
276
688
2576
1
3374
24822056
24894688
4118624
16
63960
547004357
830440
640390
36
2013
50381853526
2889
630648
7462
21835
410
4246500
480
17400
10
71676
8
125892
10400
173796
266640
6464
546
41295659
2211938564
4
34740
525870
9480072
349222
592959925
183915
1229950
1
1992
33084
9
1639561
390184
27239176
81620916
681
2115
12554
3368337713
2255550
2457
8
142080
234
21294
2884
322
94
636
24651650748
2
124729
1703
747229378
8
88351478358
1169142
120872346
9381510
22536
2154960
340
134912
11222976
541260
243
7485
685
674274
26
1195964
169257
859248
261562
7467252
4628
620
649122
201712
208
47873055
20460
1
3181325
918464
124256
16
3644500
155093115
2774296
201477
870697384
14364
137735
20600
7480
12000
26060
166859
27
249
29244
10879
62582688
1029
22209876
25504
148819
7316
1363566555
7224
7223
254
49804
1598584
417180
23716
2
4
918
18171828
9135
94137
24603
118448
8223410910
392
13932
52206
306
79400
51775
58503
102268
178600613
104200
728598
456
101618
61094
91816
1541016
675
7927491
21207681256
3581739
251944
1180
288262
70098
60172
23
3266
672
953404
890071975
412327440
26970
247941648
1088
5250
25045
1106046
1181726
34422
42
13324077128
25844
32
2
659912400
69632
68
108384
1285
3481752
342398850
33775840
20498608
4273101
9438
1164280
8663112
449
363036
1364
215416
470
525647320
1937577972
4249
1869
174
3798990
128
146007
4698
8178
41120
1
1578346
135577586
136116584
368566741
14850180
462756390
381
71275422
1390793664
50836267
1
1276
5227578
4029
39436
10315404
6815215
1309508
458471846
15637
14256
6
394576
700
72
57792801
48
10160100
80262
1403
30005
4462370
25840
2338678
4
6088279131
21021088
44458512
358644
7
6486
5844
90747
12888
16
4
547240
433646
1177605
5664
2676
32316
3192
12897356
38155
12481775
4600569
450
43621150
38732
2700
2296293
659
17266816
1716
625608
5
243989
240654
168048
718032
2524
26729
129792
747456
193164882
53718
23876
25317552
607024
52193520
1261574008
37138743
2073967
236
2732274
137741754
82
446
6352127
8104
2120
40
30
484
1007285
3653104
3
231952
175160
484806285
34465
500726008
87425080
489001350
60
2038316
3960
130620
226
2390619
385355845
1348
1466520
150275
4648
12122634
9941207800
14906331
38356
5067756
14
4606198633
13
5125
249284
47651847750
19091295
45
1466244
32086
780
180466
12096
12
165
3392
30
59220
3324
5162
1091264
1308388
390726
214
243560544
473
160
5705
63230
497582558
45
158895
55312
338760
330100680
61594
25127388
1197
3885
6921435
136804778
10
17934
49786
4099
700
6406
35
7208
620529
1086512
83209
51965982
46
560
2339
1481578
15796086
7152
433748
200039
5994
14850
97530
102816
188277471
974
12904768
4920036
12416
33372
1
2440
31878544908
49024
308
4
12104
4296
980
685
15414
34060
979
186753560
2848
7809285
315244027
1330463680
172772
94686
6931
3610
1288
1339507
179867
276420
13564586
90
15244866
2752164
132489808
12816078
12123105
271
1810116
123502
19551
344180168
16
2602948
18562
679588668
1
706645
144
822
4097253412
3375
533052918
4966
38506
1815
1229551
4
1296
2101
1475
432
11
108
107133
47413
729010001
12463581
4975776
13413
902
1266430
3127590
2061045
343753020
303050
232398486
5394
16380
1063920
1415535
2038168
3550297
201792
870147
39195
30407160
24120
74694
875313816
16340
8
3734650
8517
90664
252928
79431
961155
11206
19356624
224
137856
38588
265977
42898
33935
1692414
7789944000
546040
5028
509093222
7421
462560
99284
1224
100156
2492
192775
26700
677
64263
6158
3
13355650
42770
18060
397580
2059200
3719175
4315168352
10
6
310969980
60387588
4758
17
9543947
3716
104
6328
160341
71779344
11817
9804
430935
484
1089
641907
52336
125952
96322362
1252
3276
118744
14308050
140
1959220
10
2920
70
889
837
365034320
8252
888
7894032
663880
7904260
55
468464
5763384
3080
351268554
63
411138
1599312
1589
12664320
2018
867930
1
136675
2073750
15
48324
39285
4617019
84996
16679
337880816
957696
18205
432
4775588
480
609390
11577061165
91
740601014
1810644
6658
1884599262
46
92
107032
5396676
262416
70504
369
1641001
138430720
178539621
9990
88
19800
68889
1113
11356
1015581
2614255
16254840
15171
5741042
103368
6356
6
24
9171228
320608700
1253773
7
```
Error Analysis: Line 1: Got '1000000009', Expected '20528673'
Line 2: Got '1000000009', Expected '510'
Line 3: Got '1000000009', Expected '240'
Line 4: Got '1000000009', Expected '1426350'
Line 5: Got '1000000009', Expected '628773908'
Line 6: Got '1000000009', Expected '60'
Line 7: Got '1000000009', Expected '44262'
Line 8: Got '1000000009', Expected '23875'
Line 9: Got '1000000009', Expected '190596'
Line 10: Got '1000000009', Expected '380'

### Your Task
Fix the C++ code to pass ALL test cases (including hidden ones).

### Critical Guidelines
1. Focus on algorithmic correctness - NO hard-coded values or special cases
2. Ensure proper data structures and complexity (aim for O(N log N) or better when possible)
3. Handle edge cases (empty input, single elements, max constraints)
4. Use standard C++20 features; avoid non-portable code

### Output Format
Provide ONLY the complete fixed C++ code in a single ```cpp block.
