### Problem Description
patched placeholder

### Your Incorrect Code
```cpp
#include<bits/stdc++.h>
using namespace std;

#define rep(i,n) for (ll i=0;i < (n); i++)
using ll = long long;

int main()
{
    int n; cin >> n;
    vector<ll> a(n);
    rep(i,n) cin >> a[i];

    ll dp_e=0,dp_o=-1,temp;

    rep(i,n)
    {
        temp=dp_e;
        dp_e=max(dp_o+2*a[i],dp_e);
        dp_o=max(temp+a[i],dp_o);
    }

    cout << max(dp_e,dp_o) << endl;
}
```

### Failing Case
Input:
```
200000
1000000000 1 1000000000 1 1000000000 1 1000000000 1 1000000000 1 1000000000 1 1000000000 1 1000000000 1 1000000000 1 1000000000 1 1000000000 1 1000000000 1 1000000000 1 1000000000 1 1000000000 1 1000000000 1 1000000000 1 1000000000 1 1000000000 1 1000000000 1 1000000000 1 1000000000 1 1000000000 1 1000000000 1 1000000000 1 1000000000 1 1000000000 1 1000000000 1 1000000000 1 1000000000 1 1000000000 1 1000000000 1 1000000000 1 1000000000 1 1000000000 1 1000000000 1 1000000000 1 1000000000 1 1000000000 1 1000000000 1 1000000000 1 1000000000 1 1000000000 1 1000000000 1 1000000000 1 1000000000 1 1000000000 1 1000000000 1 1000000000 1 1000000000 1 1000000000 1 1000000000 1 1000000000 1 1000000000 1 1000000000 1 1000000000 1 1000000000 1 1000000000 1 1000000000 1 1000000000 1 1000000000 1 1000000000 1 1000000000 1 1000000000 1 1000000000 1 1000000000 1 1000000000 1 1000000000 1 1000000000 1 1000000000 1 1000000000 1 1000000000 1 1000000000 1 1000000000 1 1000000000 1 1000000000 1 1000000000 1 1000000000 1 1000000000 1 1000000000 1 1000000000 1 1000000000 1 1000000000 1 1000000000 1 1000000000 1 1000000000 1 1000000000 1 1000000000 1 1000000000 1 1000000000 1 1000000000 1 1000000000 1 1000000000 1 1000000000 1 1000000000 1 1000000000 1 1000000000 1 1000000000 1 1000000000 1 1000000000 1 1000000000 1 1000000000 1 1000000000 1 1000000000 1 1000000000 1 1000000000 1 1000000000 1 1000000000 1 1000000000 1 1000000000 1 1000000000 1 1000000000 1 1000000000 1 1000000000 1 1000000000 1 1000000000 1 1000000000 1 1000000000 1 1000000000 1 1000000000 1 1000000000 1 1000000000 1 1000000000 1 1000000000 1 1000000000 1 1000000000 1 1000000000 1 1000000000 1 1000000000 1 1000000000 1 1000000000 1 1000000000 1 1000000000 1 1000000000 1 1000000000 1 1000000000 1 1000000000 1 1000000000 1 1000000000 1 1000000000 1 1000000000 1 1000000000 1 1000000000 1 1000000000 1 1000000000 1 1000000000 1 1000000000 1 1000000000 1 1000000000 1 1000000000 1 1000000000 1 1000000000 1 1000000000 1 1000000000 1 1000000000 1 1000000000 1 1000000000 1 1000000000 1 1000000000 1 1000000000 1 1000000000 1 1000000000 1 1000000000 1 1000000000 1 1000000000 1 1000000000 1 1000000000 1 1000000000 1 1000000000 1 1000000000 1 1000000000 1 1000000000 1 1000000000 1 1000000000 1 1000000000 1 1000000000 1 1000000000 1 1000000000 1 1000000000 1 1000000000 1 1000000000 1 1000000000 1 1000000000 1 1000000000 1 1000000000 1 1000000000 1 1000000000 1 1000000000 1 1000000000 1 1000000000 1 1000000000 1 1000000000 1 1000000000 1 1000000000 1 1000000000 1 1000000000 1 1000000000 1 1000000000 1 1000000000 1 1000000000 1 1000000000 1 1000000000 1 1000000000 1 1000000000 1 1000000000 1 1000000000 1 1000000000 1 1000000000 1 1000000000 1 1000000000 1 1000000000 1 1000000000 1 1000000000 1 1000000000 1 1000000000 1 1000000000 1 1000000000 1 1000000000 1 1000000000 1 1000000000 1 1000000000 1 1000000000 1 1000000000 1 1000000000 1 1000000000 1 1000000000 1 1000000000 1 1000000000 1 1000000000 1 1000000000 1 1000000000 1 1000000000 1 1000000000 1 1000000000 1 1000000000 1 1000000000 1 1000000000 1 1000000000 1 1000000000 1 1000000000 1 1000000000 1 1000000000 1 1000000000 1 1000000000 1 1000000000 1 1000000000 1 1000000000 1 1000000000 1 1000000000 1 1000000000 1 1000000000 1 1000000000 1 1000000000 1 1000000000 1 1000000000 1 1000000000 1 1000000000 1 1000000000 1 1000000000 1 1000000000 1 1000000000 1 1000000000 1 1000000000 1 1000000000 1 1000000000 1 1000000000 1 1000000000 1 1000000000 1 1000000000 1 1000000000 1 1000000000 1 1000000000 1 1000000000 1 1000000000 1 1000000000 1 1000000000 1 1000000000 1 1000000000 1 1000000000 1 1000000000 1 1000000000 1 1000000000 1 1000000000 1 1000000000 1 1000000000 1 1000000000 1 1000000000 1 1000000000 1 1000000000 1 1000000000 1 1000000000 1 1000000000 1 1000000000 1 1000000000 1 1000000000 1 1000000000 1 1000000000 1 1000000000 1 1000000000 1 1000000000 1 1000000000 1 1000000000 1 1000000000 1 1000000000 1 1000000000 1 1000000000 1 1000000000 1 1000000000 1 1000000000 1 1000000000 1 1000000000 1 1000000000 1 1000000000 1 1000000000 1 1000000000 1 1000000000 1 1000000000 1 1000000000 1 1000000000 1 1000000000 1 1000000000 1 1000000000 1 1000000000 1 1000000000 1 1000000000 1 1000000000 1 1000000000 1 1000000000 1 1000000000 1 1000000000 1 1000000000 1 1000000000 1 1000000000 1 1000000000 1 1000000000 1 1000000000 1 1000000000 1 1000000000 1 1000000000 1 1000000000 1 1000000000 1 1000000000 1 1000000000 1 1000000000 1 1000000000 1 1000000000 1 1000000000 1 1000000000 1 1000000000 1 1000000000 1 1000000000 1 1000000000 1 1000000000 1 1000000000 1 1000000000 1 1000000000 1 1000000000 1 1000000000 1 1000000000 1 1000000000 1 1000000000 1 1000000000 1 1000000000 1 1000000000 1 1000000000 1 1000000000 1 1000000000 1 1000000000 1 1000000000 1 1000000000 1 1000000000 1 1000000000 1 1000000000 1 1000000000 1 1000000000 1 1000000000 1 1000000000 1 1000000000 1 1000000000 1 1000000000 1 1000000000 1 1000000000 1 1000000000 1 1000000000 1 1000000000 1 1000000000 1 1000000000 1 1000000000 1 1000000000 1 1000000000 1 1000000000 1 1000000000 1 1000000000 1 1000000000 1 1000000000 1 1000000000 1 1000000000 1 1000000000 1 1000000000 1 1000000000 1 1000000000 1 1000000000 1 1000000000 1 1000000000 1 1000000000 1 1000000000 1 1000000000 1 1000000000 1 1000000000 1 1000000000 1 1000000000 1 1000000000 1 1000000000 1 1000000000 1 1000000000 1 1000000000 1 1000000000 1 1000000000 1 1000000000 1 1000000000 1 1000000000 1 1000000000 1 1000000000 1 1000000000 1 1000000000 1 1000000000 1 1000000000 1 1000000000 1 1000000000 1 1000000000 1 1000000000 1 1000000000 1 1000000000 1 1000000000 1 1000000000 1 1000000000 1 1000000000 1 1000000000 1 1000000000 1 1000000000 1 1000000000 1 1000000000 1 1000000000 1 1000000000 1 1000000000 1 1000000000 1 1000000000 1 1000000000 1 1000000000 1 1000000000 1 1000000000 1 1000000000 1 1000000000 1 1000000000 1 1000000000 1 1000000000 1 1000000000 1 1000000000 1 1000000000 1 1000000000 1 1000000000 1 1000000000 1 1000000000 1 1000000000 1 1000000000 1 1000000000 1 1000000000 1 1000000000 1 1000000000 1 1000000000 1 1000000000 1 1000000000 1 1000000000 1 1000000000 1 1000000000 1 1000000000 1 1000000000 1 1000000000 1 1000000000 1 1000000000 1 1000000000 1 1000000000 1 1000000000 1 1000000000 1 1000000000 1 1000000000 1 1000000000 1 1000000000 1 1000000000 1 1000000000 1 1000000000 1 1000000000 1 1000000000 1 1000000000 1 1000000000 1 1000000000 1 1000000000 1 1000000000 1 1000000000 1 1000000000 1 1000000000 1 1000000000 1 1000000000 1 1000000000 1 1000000000 1 1000000000 1 1000000000 1 1000000000 1 1000000000 1 1000000000 1 1000000000 1 1000000000 1 1000000000 1 1000000000 1 1000000000 1 1000000000 1 1000000000 1 1000000000 1 1000000000 1 1000000000 1 1000000000 1 1000000000 1 1000000000 1 1000000000 1 1000000000 1 1000000000 1 1000000000 1 1000000000 1 1000000000 1 1000000000 1 1000000000 1 1000000000 1 1000000000 1 1000000000 1 1000000000 1 1000000000 1 1000000000 1 1000000000 1 1000000000 1 1000000000 1 1000000000 1 1000000000 1 1000000000 1 1000000000 1 1000000000 1 1000000000 1 1000000000 1 1000000000 1 1000000000 1 1000000000 1 1000000000 1 1000000000 1 1000000000 1 1000000000 1 1000000000 1 1000000000 1 1000000000 1 1000000000 1 1000000000 1 1000000000 1 1000000000 1 1000000000 1 1000000000 1 1000000000 1 1000000000 1 1000000000 1 1000000000 1 1000000000 1 1000000000 1 1000000000 1 1000000000 1 1000000000 1 1000000000 1 1000000000 1 1000000000 1 1000000000 1 1000000000 1 1000000000 1 1000000000 1 1000000000 1 1000000000 1 1000000000 1 1000000000 1 1000000000 1 1000000000 1 1000000000 1 1000000000 1 1000000000 1 1000000000 1 1000000000 1 1000000000 1 1000000000 1 1000000000 1 1000000000 1 1000000000 1 1000000000 1 1000000000 1 1000000000 1 1000000000 1 1000000000 1 1000000000 1 1000000000 1 1000000000 1 1000000000 1 1000000000 1 1000000000 1 1000000000 1 1000000000 1 1000000000 1 1000000000 1 1000000000 1 1000000000 1 1000000000 1 1000000000 1 1000000000 1 1000000000 1 1000000000 1 1000000000 1 1000000000 1 1000000000 1 1000000000 1 1000000000 1 1000000000 1 1000000000 1 1000000000 1 1000000000 1 1000000000 1 1000000000 1 1000000000 1 1000000000 1 1000000000 1 1000000000 1 1000000000 1 1000000000 1 1000000000 1 1000000000 1 1000000000 1 1000000000 1 1000000000 1 1000000000 1 1000000000 1 1000000000 1 1000000000 1 1000000000 1 1000000000 1 1000000000 1 1000000000 1 1000000000 1 1000000000 1 1000000000 1 1000000000 1 1000000000 1 1000000000 1 1000000000 1 1000000000 1 1000000000 1 1000000000 1 1000000000 1 1000000000 1 1000000000 1 1000000000 1 1000000000 1 1000000000 1 1000000000 1 1000000000 1 1000000000 1 1000000000 1 1000000000 1 1000000000 1 1000000000 1 1000000000 1 1000000000 1 1000000000 1 1000000000 1 1000000000 1 1000000000 1 1000000000 1 1000000000 1 1000000000 1 1000000000 1 1000000000 1 1000000000 1 1000000000 1 1000000000 1 1000000000 1 1000000000 1 1000000000 1 1000000000 1 1000000000 1 1000000000 1 1000000000 1 1000000000 1 1000000000 1 1000000000 1 1000000000 1 1000000000 1 1000000000 1 1000000000 1 1000000000 1 1000000000 1 1000000000 1 1000000000 1 1000000000 1 1000000000 1 1000000000 1 1000000000 1 1000000000 1 1000000000 1 1000000000 1 1000000000 1 1000000000 1 1000000000 1 1000000000 1 1000000000 1 1000000000 1 1000000000 1 1000000000 1 1000000000 1 1000000000 1 1000000000 1 1000000000 1 1000000000 1 1000000000 1 1000000000 1 1000000000 1 1000000000 1 1000000000 1 1000000000 1 1000000000 1 1000000000 1 1000000000 1 1000000000 1 1000000000 1 1000000000 1 1000000000 1 1000000000 1 1000000000 1 1000000000 1 1000000000 1 1000000000 1 1000000000 1 1000000000 1 1000000000 1 1000000000 1 1000000000 1 1000000000 1 1000000000 1 1000000000 1 1000000000 1 1000000000 1 1000000000 1 1000000000 1 1000000000 1 1000000000 1 1000000000 1 1000000000 1 1000000000 1 1000000000 1 1000000000 1 1000000000 1 1000000000 1 1000000000 1 1000000000 1 1000000000 1 1000000000 1 1000000000 1 1000000000 1 1000000000 1 1000000000 1 1000000000 1 1000000000 1 1000000000 1 1000000000 1 1000000000 1 1000000000 1 1000000000 1 1000000000 1 1000000000 1 1000000000 1 1000000000 1 1000000000 1 1000000000 1 1000000000 1 1000000000 1 1000000000 1 1000000000 1 1000000000 1 1000000000 1 1000000000 1 1000000000 1 1000000000 1 1000000000 1 1000000000 1 1000000000 1 1000000000 1 1000000000 1 1000000000 1 1000000000 1 1000000000 1 1000000000 1 1000000000 1 1000000000 1 1000000000 1 1000000000 1 1000000000 1 1000000000 1 1000000000 1 1000000000 1 1000000000 1 1000000000 1 1000000000 1 1000000000 1 1000000000 1 1000000000 1 1000000000 1 1000000000 1 1000000000 1 1000000000 1 1000000000 1 1000000000 1 1000000000 1 1000000000 1 1000000000 1 1000000000 1 1000000000 1 1000000000 1 1000000000 1 1000000000 1 1000000000 1 1000000000 1 1000000000 1 1000000000 1 1000000000 1 1000000000 1 1000000000 1 1000000000 1 1000000000 1 1000000000 1 1000000000 1 1000000000 1 1000000000 1 1000000000 1 1000000000 1 1000000000 1 1000000000 1 1000000000 1 1000000000 1 1000000000 1 1000000000 1 1000000000 1 1000000000 1 1000000000 1 1000000000 1 1000000000 1 1000000000 1 1000000000 1 1000000000 1 1000000000 1 1000000000 1 1000000000 1 1000000000 1 1000000000 1 1000000000 1 1000000000 1 1000000000 1 1000000000 1 1000000000 1 1000000000 1 1000000000 1 1000000000 1 1000000000 1 1000000000 1 1000000000 1 1000000000 1 1000000000 1 1000000000 1 1000000000 1 1000000000 1 1000000000 1 1000000000 1 1000000000 1 1000000000 1 1000000000 1 1000000000 1 1000000000 1 1000000000 1 1000000000 1 1000000000 1 1000000000 1 1000000000 1 1000000000 1 1000000000 1 1000000000 1 1000000000 1 1000000000 1 1000000000 1 1000000000 1 1000000000 1 1000000000 1 1000000000 1 1000000000 1 1000000000 1 1000000000 1 1000000000 1 1000000000 1 1000000000 1 1000000000 1 1000000000 1 1000000000 1 1000000000 1 1000000000 1 1000000000 1 1000000000 1 1000000000 1 1000000000 1 1000000000 1 1000000000 1 1000000000 1 1000000000 1 1000000000 1 1000000000 1 1000000000 1 1000000000 1 1000000000 1 1000000000 1 1000000000 1 1000000000 1 1000000000 1 1000000000 1 1000000000 1 1000000000 1 1000000000 1 1000000000 1 1000000000 1 1000000000 1 1000000000 1 1000000000 1 1000000000 1 1000000000 1 1000000000 1 1000000000 1 1000000000 1 1000000000 1 1000000000 1 1000000000 1 1000000000 1 1000000000 1 1000000000 1 1000000000 1 1000000000 1 1000000000 1 1000000000 1 1000000000 1 1000000000 1 1000000000 1 1000000000 1 1000000000 1 1000000000 1 1000000000 1 1000000000 1 1000000000 1 1000000000 1 1000000000 1 1000000000 1 1000000000 1 1000000000 1 1000000000 1 1000000000 1 1000000000 1 1000000000 1 1000000000 1 1000000000 1 1000000000 1 1000000000 1 1000000000 1 1000000000 1 1000000000 1 1000000000 1 1000000000 1 1000000000 1 1000000000 1 1000000000 1 1000000000 1 1000000000 1 1000000000 1 1000000000 1 1000000000 1 1000000000 1 1000000000 1 1000000000 1 1000000000 1 1000000000 1 1000000000 1 1000000000 1 1000000000 1 1000000000 1 1000000000 1 1000000000 1 1000000000 1 1000000000 1 1000000000 1 1000000000 1 1000000000 1 1000000000 1 1000000000 1 1000000000 1 1000000000 1 1000000000 1 1000000000 1 1000000000 1 1000000000 1 1000000000 1 1000000000 1 1000000000 1 1000000000 1 1000000000 1 1000000000 1 1000000000 1 1000000000 1 1000000000 1 1000000000 1 1000000000 1 1000000000 1 1000000000 1 1000000000 1 1000000000 1 1000000000 1 1000000000 1 1000000000 1 1000000000 1 1000000000 1 1000000000 1 1000000000 1 1000000000 1 1000000000 1 1000000000 1 1000000000 1 1000000000 1 1000000000 1 1000000000 1 1000000000 1 1000000000 1 1000000000 1 1000000000 1 1000000000 1 1000000000 1 1000000000 1 1000000000 1 1000000000 1 1000000000 1 1000000000 1 1000000000 1 1000000000 1 1000000000 1 1000000000 1 1000000000 1 1000000000 1 1000000000 1 1000000000 1 1000000000 1 1000000000 1 1000000000 1 1000000000 1 1000000000 1 1000000000 1 1000000000 1 1000000000 1 1000000000 1 1000000000 1 1000000000 1 1000000000 1 1000000000 1 1000000000 1 1000000000 1 1000000000 1 1000000000 1 1000000000 1 1000000000 1 1000000000 1 1000000000 1 1000000000 1 1000000000 1 1000000000 1 1000000000 1 1000000000 1 1000000000 1 1000000000 1 1000000000 1 1000000000 1 1000000000 1 1000000000 1 1000000000 1 1000000000 1 1000000000 1 1000000000 1 1000000000 1 1000000000 1 1000000000 1 1000000000 1 1000000000 1 1000000000 1 1000000000 1 1000000000 1 1000000000 1 1000000000 1 1000000000 1 1000000000 1 1000000000 1 1000000000 1 1000000000 1 1000000000 1 1000000000 1 1000000000 1 1000000000 1 1000000000 1 1000000000 1 1000000000 1 1000000000 1 1000000000 1 1000000000 1 1000000000 1 1000000000 1 1000000000 1 1000000000 1 1000000000 1 1000000000 1 1000000000 1 1000000000 1 1000000000 1 1000000000 1 1000000000 1 1000000000 1 1000000000 1 1000000000 1 1000000000 1 1000000000 1 1000000000 1 1000000000 1 1000000000 1 1000000000 1 1000000000 1 1000000000 1 1000000000 1 1000000000 1 1000000000 1 1000000000 1 1000000000 1 1000000000 1 1000000000 1 1000000000 1 1000000000 1 1000000000 1 1000000000 1 1000000000 1 1000000000 1 1000000000 1 1000000000 1 1000000000 1 1000000000 1 1000000000 1 1000000000 1 1000000000 1 1000000000 1 1000000000 1 1000000000 1 1000000000 1 1000000000 1 1000000000 1 1000000000 1 1000000000 1 1000000000 1 1000000000 1 1000000000 1 1000000000 1 1000000000 1 1000000000 1 1000000000 1 1000000000 1 1000000000 1 1000000000 1 1000000000 1 1000000000 1 1000000000 1 1000000000 1 1000000000 1 1000000000 1 1000000000 1 1000000000 1 1000000000 1 1000000000 1 1000000000 1 1000000000 1 1000000000 1 1000000000 1 1000000000 1 1000000000 1 1000000000 1 1000000000 1 1000000000 1 1000000000 1 1000000000 1 1000000000 1 1000000000 1 1000000000 1 1000000000 1 1000000000 1 1000000000 1 1000000000 1 1000000000 1 1000000000 1 1000000000 1 1000000000 1 1000000000 1 1000000000 1 1000000000 1 1000000000 1 1000000000 1 1000000000 1 1000000000 1 1000000000 1 1000000000 1 1000000000 1 1000000000 1 1000000000 1 1000000000 1 1000000000 1 1000000000 1 1000000000 1 1000000000 1 1000000000 1 1000000000 1 1000000000 1 1000000000 1 1000000000 1 1000000000 1 1000000000 1 1000000000 1 1000000000 1 1000000000 1 1000000000 1 1000000000 1 1000000000 1 1000000000 1 1000000000 1 1000000000 1 1000000000 1 1000000000 1 1000000000 1 1000000000 1 1000000000 1 1000000000 1 1000000000 1 1000000000 1 1000000000 1 1000000000 1 1000000000 1 1000000000 1 1000000000 1 1000000000 1 1000000000 1 1000000000 1 1000000000 1 1000000000 1 1000000000 1 1000000000 1 1000000000 1 1000000000 1 1000000000 1 1000000000 1 1000000000 1 1000000000 1 1000000000 1 1000000000 1 1000000000 1 1000000000 1 1000000000 1 1000000000 1 1000000000 1 1000000000 1 1000000000 1 1000000000 1 1000000000 1 1000000000 1 1000000000 1 1000000000 1 1000000000 1 1000000000 1 1000000000 1 1000000000 1 1000000000 1 1000000000 1 1000000000 1 1000000000 1 1000000000 1 1000000000 1 1000000000 1 1000000000 1 1000000000 1 1000000000 1 1000000000 1 1000000000 1 1000000000 1 1000000000 1 1000000000 1 1000000000 1 1000000000 1 1000000000 1 1000000000 1 1000000000 1 1000000000 1 1000000000 1 1000000000 1 1000000000 1 1000000000 1 1000000000 1 1000000000 1 1000000000 1 1000000000 1 1000000000 1 1000000000 1 1000000000 1 1000000000 1 1000000000 1 1000000000 1 1000000000 1 1000000000 1 1000000000 1 1000000000 1 1000000000 1 1000000000 1 1000000000 1 1000000000 1 1000000000 1 1000000000 1 1000000000 1 1000000000 1 1000000000 1 1000000000 1 1000000000 1 1000000000 1 1000000000 1 1000000000 1 1000000000 1 1000000000 1 1000000000 1 1000000000 1 1000000000 1 1000000000 1 1000000000 1 1000000000 1 1000000000 1 1000000000 1 1000000000 1 1000000000 1 1000000000 1 1000000000 1 1000000000 1 1000000000 1 1000000000 1 1000000000 1 1000000000 1 1000000000 1 1000000000 1 1000000000 1 1000000000 1 1000000000 1 1000000000 1 1000000000 1 1000000000 1 1000000000 1 1000000000 1 1000000000 1 1000000000 1 1000000000 1 1000000000 1 1000000000 1 1000000000 1 1000000000 1 1000000000 1 1000000000 1 1000000000 1 1000000000 1 1000000000 1 1000000000 1 1000000000 1 1000000000 1 1000000000 1 1000000000 1 1000000000 1 1000000000 1 1000000000 1 1000000000 1 1000000000 1 1000000000 1 1000000000 1 1000000000 1 1000000000 1 1000000000 1 1000000000 1 1000000000 1 1000000000 1 1000000000 1 1000000000 1 1000000000 1 1000000000 1 1000000000 1 1000000000 1 1000000000 1 1000000000 1 1000000000 1 1000000000 1 1000000000 1 1000000000 1 1000000000 1 1000000000 1 1000000000 1 1000000000 1 1000000000 1 1000000000 1 1000000000 1 1000000000 1 1000000000 1 1000000000 1 1000000000 1 1000000000 1 1000000000 1 1000000000 1 1000000000 1 1000000000 1 1000000000 1 1000000000 1 1000000000 1 1000000000 1 1000000000 1 1000000000 1 1000000000 1 1000000000 1 1000000000 1 1000000000 1 1000000000 1 1000000000 1 1000000000 1 1000000000 1 1000000000 1 1000000000 1 1000000000 1 1000000000 1 1000000000 1 1000000000 1 1000000000 1 1000000000 1 1000000000 1 1000000000 1 1000000000 1 1000000000 1 1000000000 1 1000000000 1 1000000000 1 1000000000 1 1000000000 1 1000000000 1 1000000000 1 1000000000 1 1000000000 1 1000000000 1 1000000000 1 1000000000 1 1000000000 1 1000000000 1 1000000000 1 1000000000 1 1000000000 1 1000000000 1 1000000000 1 1000000000 1 1000000000 1 1000000000 1 1000000000 1 1000000000 1 1000000000 1 1000000000 1 1000000000 1 1000000000 1 1000000000 1 1000000000 1 1000000000 1 1000000000 1 1000000000 1 1000000000 1 1000000000 1 1000000000 1 1000000000 1 1000000000 1 1000000000 1 1000000000 1 1000000000 1 1000000000 1 1000000000 1 1000000000 1 1000000000 1 1000000000 1 1000000000 1 1000000000 1 1000000000 1 1000000000 1 1000000000 1 1000000000 1 1000000000 1 1000000000 1 1000000000 1 1000000000 1 1000000000 1 1000000000 1 1000000000 1 1000000000 1 1000000000 1 1000000000 1 1000000000 1 1000000000 1 1000000000 1 1000000000 1 1000000000 1 1000000000 1 1000000000 1 1000000000 1 1000000000 1 1000000000 1 1000000000 1 1000000000 1 1000000000 1 1000000000 1 1000000000 1 1000000000 1 1000000000 1 1000000000 1 1000000000 1 1000000000 1 1000000000 1 1000000000 1 1000000000 1 1000000000 1 1000000000 1 1000000000 1 1000000000 1 1000000000 1 1000000000 1 1000000000 1 1000000000 1 1000000000 1 1000000000 1 1000000000 1 1000000000 1 1000000000 1 1000000000 1 1000000000 1 1000000000 1 1000000000 1 1000000000 1 1000000000 1 1000000000 1 1000000000 1 1000000000 1 1000000000 1 1000000000 1 1000000000 1 1000000000 1 1000000000 1 1000000000 1 1000000000 1 1000000000 1 1000000000 1 1000000000 1 1000000000 1 1000000000 1 1000000000 1 1000000000 1 1000000000 1 1000000000 1 1000000000 1 1000000000 1 1000000000 1 1000000000 1 1000000000 1 1000000000 1 1000000000 1 1000000000 1 1000000000 1 1000000000 1 1000000000 1 1000000000 1 1000000000 1 1000000000 1 1000000000 1 1000000000 1 1000000000 1 1000000000 1 1000000000 1 1000000000 1 1000000000 1 1000000000 1 1000000000 1 1000000000 1 1000000000 1 1000000000 1 1000000000 1 1000000000 1 1000000000 1 1000000000 1 1000000000 1 1000000000 1 1000000000 1 1000000000 1 1000000000 1 1000000000 1 1000000000 1 1000000000 1 1000000000 1 1000000000 1 1000000000 1 1000000000 1 1000000000 1 1000000000 1 1000000000 1 1000000000 1 1000000000 1 1000000000 1 1000000000 1 1000000000 1 1000000000 1 1000000000 1 1000000000 1 1000000000 1 1000000000 1 1000000000 1 1000000000 1 1000000000 1 1000000000 1 1000000000 1 1000000000 1 1000000000 1 1000000000 1 1000000000 1 1000000000 1 1000000000 1 1000000000 1 1000000000 1 1000000000 1 1000000000 1 1000000000 1 1000000000 1 1000000000 1 1000000000 1 1000000000 1 1000000000 1 1000000000 1 1000000000 1 1000000000 1 1000000000 1 1000000000 1 1000000000 1 1000000000 1 1000000000 1 1000000000 1 1000000000 1 1000000000 1 1000000000 1 1000000000 1 1000000000 1 1000000000 1 1000000000 1 1000000000 1 1000000000 1 1000000000 1 1000000000 1 1000000000 1 1000000000 1 1000000000 1 1000000000 1 1000000000 1 1000000000 1 1000000000 1 1000000000 1 1000000000 1 1000000000 1 1000000000 1 1000000000 1 1000000000 1 1000000000 1 1000000000 1 1000000000 1 1000000000 1 1000000000 1 1000000000 1 1000000000 1 1000000000 1 1000000000 1 1000000000 1 1000000000 1 1000000000 1 1000000000 1 1000000000 1 1000000000 1 1000000000 1 1000000000 1 1000000000 1 1000000000 1 1000000000 1 1000000000 1 1000000000 1 1000000000 1 1000000000 1 1000000000 1 1000000000 1 1000000000 1 1000000000 1 1000000000 1 1000000000 1 1000000000 1 1000000000 1 1000000000 1 1000000000 1 1000000000 1 1000000000 1 1000000000 1 1000000000 1 1000000000 1 1000000000 1 1000000000 1 1000000000 1 1000000000 1 1000000000 1 1000000000 1 1000000000 1 1000000000 1 1000000000 1 1000000000 1 1000000000 1 1000000000 1 1000000000 1 1000000000 1 1000000000 1 1000000000 1 1000000000 1 1000000000 1 1000000000 1 1000000000 1 1000000000 1 1000000000 1 1000000000 1 1000000000 1 1000000000 1 1000000000 1 1000000000 1 1000000000 1 1000000000 1 1000000000 1 1000000000 1 1000000000 1 1000000000 1 1000000000 1 1000000000 1 1000000000 1 1000000000 1 1000000000 1 1000000000 1 1000000000 1 1000000000 1 1000000000 1 1000000000 1 1000000000 1 1000000000 1 1000000000 1 1000000000 1 1000000000 1 1000000000 1 1000000000 1 1000000000 1 1000000000 1 1000000000 1 1000000000 1 1000000000 1 1000000000 1 1000000000 1 1000000000 1 1000000000 1 1000000000 1 1000000000 1 1000000000 1 1000000000 1 1000000000 1 1000000000 1 1000000000 1 1000000000 1 1000000000 1 1000000000 1 1000000000 1 1000000000 1 1000000000 1 1000000000 1 1000000000 1 1000000000 1 1000000000 1 1000000000 1 1000000000 1 1000000000 1 1000000000 1 1000000000 1 1000000000 1 1000000000 1 1000000000 1 1000000000 1 1000000000 1 1000000000 1 1000000000 1 1000000000 1 1000000000 1 1000000000 1 1000000000 1 1000000000 1 1000000000 1 1000000000 1 1000000000 1 1000000000 1 1000000000 1 1000000000 1 1000000000 1 1000000000 1 1000000000 1 1000000000 1 1000000000 1 1000000000 1 1000000000 1 1000000000 1 1000000000 1 1000000000 1 1000000000 1 1000000000 1 1000000000 1 1000000000 1 1000000000 1 1000000000 1 1000000000 1 1000000000 1 1000000000 1 1000000000 1 1000000000 1 1000000000 1 1000000000 1 1000000000 1 1000000000 1 1000000000 1 1000000000 1 1000000000 1 1000000000 1 1000000000 1 1000000000 1 1000000000 1 1000000000 1 1000000000 1 1000000000 1 1000000000 1 1000000000 1 1000000000 1 1000000000 1 1000000000 1 1000000000 1 1000000000 1 1000000000 1 1000000000 1 1000000000 1 1000000000 1 1000000000 1 1000000000 1 1000000000 1 1000000000 1 1000000000 1 1000000000 1 1000000000 1 1000000000 1 1000000000 1 1000000000 1 1000000000 1 1000000000 1 1000000000 1 1000000000 1 1000000000 1 1000000000 1 1000000000 1 1000000000 1 1000000000 1 1000000000 1 1000000000 1 1000000000 1 1000000000 1 1000000000 1 1000000000 1 1000000000 1 1000000000 1 1000000000 1 1000000000 1 1000000000 1 1000000000 1 1000000000 1 1000000000 1 1000000000 1 1000000000 1 1000000000 1 1000000000 1 1000000000 1 1000000000 1 1000000000 1 1000000000 1 1000000000 1 1000000000 1 1000000000 1 1000000000 1 1000000000 1 1000000000 1 1000000000 1 1000000000 1 1000000000 1 1000000000 1 1000000000 1 1000000000 1 1000000000 1 1000000000 1 1000000000 1 1000000000 1 1000000000 1 1000000000 1 1000000000 1 1000000000 1 1000000000 1 1000000000 1 1000000000 1 1000000000 1 1000000000 1 1000000000 1 1000000000 1 1000000000 1 1000000000 1 1000000000 1 1000000000 1 1000000000 1 1000000000 1 1000000000 1 1000000000 1 1000000000 1 1000000000 1 1000000000 1 1000000000 1 1000000000 1 1000000000 1 1000000000 1 1000000000 1 1000000000 1 1000000000 1 1000000000 1 1000000000 1 1000000000 1 1000000000 1 1000000000 1 1000000000 1 1000000000 1 1000000000 1 1000000000 1 1000000000 1 1000000000 1 1000000000 1 1000000000 1 1000000000 1 1000000000 1 1000000000 1 1000000000 1 1000000000 1 1000000000 1 1000000000 1 1000000000 1 1000000000 1 1000000000 1 1000000000 1 1000000000 1 1000000000 1 1000000000 1 1000000000 1 1000000000 1 1000000000 1 1000000000 1 1000000000 1 1000000000 1 1000000000 1 1000000000 1 1000000000 1 1000000000 1 1000000000 1 1000000000 1 1000000000 1 1000000000 1 1000000000 1 1000000000 1 1000000000 1 1000000000 1 1000000000 1 1000000000 1 1000000000 1 1000000000 1 1000000000 1 1000000000 1 1000000000 1 1000000000 1 1000000000 1 1000000000 1 1000000000 1 1000000000 1 1000000000 1 1000000000 1 1000000000 1 1000000000 1 1000000000 1 1000000000 1 1000000000 1 1000000000 1 1000000000 1 1000000000 1 1000000000 1 1000000000 1 1000000000 1 1000000000 1 1000000000 1 1000000000 1 1000000000 1 1000000000 1 1000000000 1 1000000000 1 1000000000 1 1000000000 1 1000000000 1 1000000000 1 1000000000 1 1000000000 1 1000000000 1 1000000000 1 1000000000 1 1000000000 1 1000000000 1 1000000000 1 1000000000 1 1000000000 1 1000000000 1 1000000000 1 1000000000 1 1000000000 1 1000000000 1 1000000000 1 1000000000 1 1000000000 1 1000000000 1 1000000000 1 1000000000 1 1000000000 1 1000000000 1 1000000000 1 1000000000 1 1000000000 1 1000000000 1 1000000000 1 1000000000 1 1000000000 1 1000000000 1 1000000000 1 1000000000 1 1000000000 1 1000000000 1 1000000000 1 1000000000 1 1000000000 1 1000000000 1 1000000000 1 1000000000 1 1000000000 1 1000000000 1 1000000000 1 1000000000 1 1000000000 1 1000000000 1 1000000000 1 1000000000 1 1000000000 1 1000000000 1 1000000000 1 1000000000 1 1000000000 1 1000000000 1 1000000000 1 1000000000 1 1000000000 1 1000000000 1 1000000000 1 1000000000 1 1000000000 1 1000000000 1 1000000000 1 1000000000 1 1000000000 1 1000000000 1 1000000000 1 1000000000 1 1000000000 1 1000000000 1 1000000000 1 1000000000 1 1000000000 1 1000000000 1 1000000000 1 1000000000 1 1000000000 1 1000000000 1 1000000000 1 1000000000 1 1000000000 1 1000000000 1 1000000000 1 1000000000 1 1000000000 1 1000000000 1 1000000000 1 1000000000 1 1000000000 1 1000000000 1 1000000000 1 1000000000 1 1000000000 1 1000000000 1 1000000000 1 1000000000 1 1000000000 1 1000000000 1 1000000000 1 1000000000 1 1000000000 1 1000000000 1 1000000000 1 1000000000 1 1000000000 1 1000000000 1 1000000000 1 1000000000 1 1000000000 1 1000000000 1 1000000000 1 1000000000 1 1000000000 1 1000000000 1 1000000000 1 1000000000 1 1000000000 1 1000000000 1 1000000000 1 1000000000 1 1000000000 1 1000000000 1 1000000000 1 1000000000 1 1000000000 1 1000000000 1 1000000000 1 1000000000 1 1000000000 1 1000000000 1 1000000000 1 1000000000 1 1000000000 1 1000000000 1 1000000000 1 1000000000 1 1000000000 1 1000000000 1 1000000000 1 1000000000 1 1000000000 1 1000000000 1 1000000000 1 1000000000 1 1000000000 1 1000000000 1 1000000000 1 1000000000 1 1000000000 1 1000000000 1 1000000000 1 1000000000 1 1000000000 1 1000000000 1 1000000000 1 1000000000 1 1000000000 1 1000000000 1 1000000000 1 1000000000 1 1000000000 1 1000000000 1 1000000000 1 1000000000 1 1000000000 1 1000000000 1 1000000000 1 1000000000 1 1000000000 1 1000000000 1 1000000000 1 1000000000 1 1000000000 1 1000000000 1 1000000000 1 1000000000 1 1000000000 1 1000000000 1 1000000000 1 1000000000 1 1000000000 1 1000000000 1 1000000000 1 1000000000 1 1000000000 1 1000000000 1 1000000000 1 1000000000 1 1000000000 1 1000000000 1 1000000000 1 1000000000 1 1000000000 1 1000000000 1 1000000000 1 1000000000 1 1000000000 1 1000000000 1 1000000000 1 1000000000 1 1000000000 1 1000000000 1 1000000000 1 1000000000 1 1000000000 1 1000000000 1 1000000000 1 1000000000 1 1000000000 1 1000000000 1 1000000000 1 1000000000 1 1000000000 1 1000000000 1 1000000000 1 1000000000 1 1000000000 1 1000000000 1 1000000000 1 1000000000 1 1000000000 1 1000000000 1 1000000000 1 1000000000 1 1000000000 1 1000000000 1 1000000000 1 1000000000 1 1000000000 1 1000000000 1 1000000000 1 1000000000 1 1000000000 1 1000000000 1 1000000000 1 1000000000 1 1000000000 1 1000000000 1 1000000000 1 1000000000 1 1000000000 1 1000000000 1 1000000000 1 1000000000 1 1000000000 1 1000000000 1 1000000000 1 1000000000 1 1000000000 1 1000000000 1 1000000000 1 1000000000 1 1000000000 1 1000000000 1 1000000000 1 1000000000 1 1000000000 1 1000000000 1 1000000000 1 1000000000 1 1000000000 1 1000000000 1 1000000000 1 1000000000 1 1000000000 1 1000000000 1 1000000000 1 1000000000 1 1000000000 1 1000000000 1 1000000000 1 1000000000 1 1000000000 1 1000000000 1 1000000000 1 1000000000 1 1000000000 1 1000000000 1 1000000000 1 1000000000 1 1000000000 1 1000000000 1 1000000000 1 1000000000 1 1000000000 1 1000000000 1 1000000000 1 1000000000 1 1000000000 1 1000000000 1 1000000000 1 1000000000 1 1000000000 1 1000000000 1 1000000000 1 1000000000 1 1000000000 1 1000000000 1 1000000000 1 1000000000 1 1000000000 1 1000000000 1 1000000000 1 1000000000 1 1000000000 1 1000000000 1 1000000000 1 1000000000 1 1000000000 1 1000000000 1 1000000000 1 1000000000 1 1000000000 1 1000000000 1 1000000000 1 1000000000 1 1000000000 1 1000000000 1 1000000000 1 1000000000 1 1000000000 1 1000000000 1 1000000000 1 1000000000 1 1000000000 1 1000000000 1 1000000000 1 1000000000 1 1000000000 1 1000000000 1 1000000000 1 1000000000 1 1000000000 1 1000000000 1 1000000000 1 1000000000 1 1000000000 1 1000000000 1 1000000000 1 1000000000 1 1000000000 1 1000000000 1 1000000000 1 1000000000 1 1000000000 1 1000000000 1 1000000000 1 1000000000 1 1000000000 1 1000000000 1 1000000000 1 1000000000 1 1000000000 1 1000000000 1 1000000000 1 1000000000 1 1000000000 1 1000000000 1 1000000000 1 1000000000 1 1000000000 1 1000000000 1 1000000000 1 1000000000 1 1000000000 1 1000000000 1 1000000000 1 1000000000 1 1000000000 1 1000000000 1 1000000000 1 1000000000 1 1000000000 1 1000000000 1 1000000000 1 1000000000 1 1000000000 1 1000000000 1 1000000000 1 1000000000 1 1000000000 1 1000000000 1 1000000000 1 1000000000 1 1000000000 1 1000000000 1 1000000000 1 1000000000 1 1000000000 1 1000000000 1 1000000000 1 1000000000 1 1000000000 1 1000000000 1 1000000000 1 1000000000 1 1000000000 1 1000000000 1 1000000000 1 1000000000 1 1000000000 1 1000000000 1 1000000000 1 1000000000 1 1000000000 1 1000000000 1 1000000000 1 1000000000 1 1000000000 1 1000000000 1 1000000000 1 1000000000 1 1000000000 1 1000000000 1 1000000000 1 1000000000 1 1000000000 1 1000000000 1 1000000000 1 1000000000 1 1000000000 1 1000000000 1 1000000000 1 1000000000 1 1000000000 1 1000000000 1 1000000000 1 1000000000 1 1000000000 1 1000000000 1 1000000000 1 1000000000 1 1000000000 1 1000000000 1 1000000000 1 1000000000 1 1000000000 1 1000000000 1 1000000000 1 1000000000 1 1000000000 1 1000000000 1 1000000000 1 1000000000 1 1000000000 1 1000000000 1 1000000000 1 1000000000 1 1000000000 1 1000000000 1 1000000000 1 1000000000 1 1000000000 1 1000000000 1 1000000000 1 1000000000 1 1000000000 1 1000000000 1 1000000000 1 1000000000 1 1000000000 1 1000000000 1 1000000000 1 1000000000 1 1000000000 1 1000000000 1 1000000000 1 1000000000 1 1000000000 1 1000000000 1 1000000000 1 1000000000 1 1000000000 1 1000000000 1 1000000000 1 1000000000 1 1000000000 1 1000000000 1 1000000000 1 1000000000 1 1000000000 1 1000000000 1 1000000000 1 1000000000 1 1000000000 1 1000000000 1 1000000000 1 1000000000 1 1000000000 1 1000000000 1 1000000000 1 1000000000 1 1000000000 1 1000000000 1 1000000000 1 1000000000 1 1000000000 1 1000000000 1 1000000000 1 1000000000 1 1000000000 1 1000000000 1 1000000000 1 1000000000 1 1000000000 1 1000000000 1 1000000000 1 1000000000 1 1000000000 1 1000000000 1 1000000000 1 1000000000 1 1000000000 1 1000000000 1 1000000000 1 1000000000 1 1000000000 1 1000000000 1 1000000000 1 1000000000 1 1000000000 1 1000000000 1 1000000000 1 1000000000 1 1000000000 1 1000000000 1 1000000000 1 1000000000 1 1000000000 1 1000000000 1 1000000000 1 1000000000 1 1000000000 1 1000000000 1 1000000000 1 1000000000 1 1000000000 1 1000000000 1 1000000000 1 1000000000 1 1000000000 1 1000000000 1 1000000000 1 1000000000 1 1000000000 1 1000000000 1 1000000000 1 1000000000 1 1000000000 1 1000000000 1 1000000000 1 1000000000 1 1000000000 1 1000000000 1 1000000000 1 1000000000 1 1000000000 1 1000000000 1 1000000000 1 1000000000 1 1000000000 1 1000000000 1 1000000000 1 1000000000 1 1000000000 1 1000000000 1 1000000000 1 1000000000 1 1000000000 1 1000000000 1 1000000000 1 1000000000 1 1000000000 1 1000000000 1 1000000000 1 1000000000 1 1000000000 1 1000000000 1 1000000000 1 1000000000 1 1000000000 1 1000000000 1 1000000000 1 1000000000 1 1000000000 1 1000000000 1 1000000000 1 1000000000 1 1000000000 1 1000000000 1 1000000000 1 1000000000 1 1000000000 1 1000000000 1 1000000000 1 1000000000 1 1000000000 1 1000000000 1 1000000000 1 1000000000 1 1000000000 1 1000000000 1 1000000000 1 1000000000 1 1000000000 1 1000000000 1 1000000000 1 1000000000 1 1000000000 1 1000000000 1 1000000000 1 1000000000 1 1000000000 1 1000000000 1 1000000000 1 1000000000 1 1000000000 1 1000000000 1 1000000000 1 1000000000 1 1000000000 1 1000000000 1 1000000000 1 1000000000 1 1000000000 1 1000000000 1 1000000000 1 1000000000 1 1000000000 1 1000000000 1 1000000000 1 1000000000 1 1000000000 1 1000000000 1 1000000000 1 1000000000 1 1000000000 1 1000000000 1 1000000000 1 1000000000 1 1000000000 1 1000000000 1 1000000000 1 1000000000 1 1000000000 1 1000000000 1 1000000000 1 1000000000 1 1000000000 1 1000000000 1 1000000000 1 1000000000 1 1000000000 1 1000000000 1 1000000000 1 1000000000 1 1000000000 1 1000000000 1 1000000000 1 1000000000 1 1000000000 1 1000000000 1 1000000000 1 1000000000 1 1000000000 1 1000000000 1 1000000000 1 1000000000 1 1000000000 1 1000000000 1 1000000000 1 1000000000 1 1000000000 1 1000000000 1 1000000000 1 1000000000 1 1000000000 1 1000000000 1 1000000000 1 1000000000 1 1000000000 1 1000000000 1 1000000000 1 1000000000 1 1000000000 1 1000000000 1 1000000000 1 1000000000 1 1000000000 1 1000000000 1 1000000000 1 1000000000 1 1000000000 1 1000000000 1 1000000000 1 1000000000 1 1000000000 1 1000000000 1 1000000000 1 1000000000 1 1000000000 1 1000000000 1 1000000000 1 1000000000 1 1000000000 1 1000000000 1 1000000000 1 1000000000 1 1000000000 1 1000000000 1 1000000000 1 1000000000 1 1000000000 1 1000000000 1 1000000000 1 1000000000 1 1000000000 1 1000000000 1 1000000000 1 1000000000 1 1000000000 1 1000000000 1 1000000000 1 1000000000 1 1000000000 1 1000000000 1 1000000000 1 1000000000 1 1000000000 1 1000000000 1 1000000000 1 1000000000 1 1000000000 1 1000000000 1 1000000000 1 1000000000 1 1000000000 1 1000000000 1 1000000000 1 1000000000 1 1000000000 1 1000000000 1 1000000000 1 1000000000 1 1000000000 1 1000000000 1 1000000000 1 1000000000 1 1000000000 1 1000000000 1 1000000000 1 1000000000 1 1000000000 1 1000000000 1 1000000000 1 1000000000 1 1000000000 1 1000000000 1 1000000000 1 1000000000 1 1000000000 1 1000000000 1 1000000000 1 1000000000 1 1000000000 1 1000000000 1 1000000000 1 1000000000 1 1000000000 1 1000000000 1 1000000000 1 1000000000 1 1000000000 1 1000000000 1 1000000000 1 1000000000 1 1000000000 1 1000000000 1 1000000000 1 1000000000 1 1000000000 1 1000000000 1 1000000000 1 1000000000 1 1000000000 1 1000000000 1 1000000000 1 1000000000 1 1000000000 1 1000000000 1 1000000000 1 1000000000 1 1000000000 1 1000000000 1 1000000000 1 1000000000 1 1000000000 1 1000000000 1 1000000000 1 1000000000 1 1000000000 1 1000000000 1 1000000000 1 1000000000 1 1000000000 1 1000000000 1 1000000000 1 1000000000 1 1000000000 1 1000000000 1 1000000000 1 1000000000 1 1000000000 1 1000000000 1 1000000000 1 1000000000 1 1000000000 1 1000000000 1 1000000000 1 1000000000 1 1000000000 1 1000000000 1 1000000000 1 1000000000 1 1000000000 1 1000000000 1 1000000000 1 1000000000 1 1000000000 1 1000000000 1 1000000000 1 1000000000 1 1000000000 1 1000000000 1 1000000000 1 1000000000 1 1000000000 1 1000000000 1 1000000000 1 1000000000 1 1000000000 1 1000000000 1 1000000000 1 1000000000 1 1000000000 1 1000000000 1 1000000000 1 1000000000 1 1000000000 1 1000000000 1 1000000000 1 1000000000 1 1000000000 1 1000000000 1 1000000000 1 1000000000 1 1000000000 1 1000000000 1 1000000000 1 1000000000 1 1000000000 1 1000000000 1 1000000000 1 1000000000 1 1000000000 1 1000000000 1 1000000000 1 1000000000 1 1000000000 1 1000000000 1 1000000000 1 1000000000 1 1000000000 1 1000000000 1 1000000000 1 1000000000 1 1000000000 1 1000000000 1 1000000000 1 1000000000 1 1000000000 1 1000000000 1 1000000000 1 1000000000 1 1000000000 1 1000000000 1 1000000000 1 1000000000 1 1000000000 1 1000000000 1 1000000000 1 1000000000 1 1000000000 1 1000000000 1 1000000000 1 1000000000 1 1000000000 1 1000000000 1 1000000000 1 1000000000 1 1000000000 1 1000000000 1 1000000000 1 1000000000 1 1000000000 1 1000000000 1 1000000000 1 1000000000 1 1000000000 1 1000000000 1 1000000000 1 1000000000 1 1000000000 1 1000000000 1 1000000000 1 1000000000 1 1000000000 1 1000000000 1 1000000000 1 1000000000 1 1000000000 1 1000000000 1 1000000000 1 1000000000 1 1000000000 1 1000000000 1 1000000000 1 1000000000 1 1000000000 1 1000000000 1 1000000000 1 1000000000 1 1000000000 1 1000000000 1 1000000000 1 1000000000 1 1000000000 1 1000000000 1 1000000000 1 1000000000 1 1000000000 1 1000000000 1 1000000000 1 1000000000 1 1000000000 1 1000000000 1 1000000000 1 1000000000 1 1000000000 1 1000000000 1 1000000000 1 1000000000 1 1000000000 1 1000000000 1 1000000000 1 1000000000 1 1000000000 1 1000000000 1 1000000000 1 1000000000 1 1000000000 1 1000000000 1 1000000000 1 1000000000 1 1000000000 1 1000000000 1 1000000000 1 1000000000 1 1000000000 1 1000000000 1 1000000000 1 1000000000 1 1000000000 1 1000000000 1 1000000000 1 1000000000 1 1000000000 1 1000000000 1 1000000000 1 1000000000 1 1000000000 1 1000000000 1 1000000000 1 1000000000 1 1000000000 1 1000000000 1 1000000000 1 1000000000 1 1000000000 1 1000000000 1 1000000000 1 1000000000 1 1000000000 1 1000000000 1 1000000000 1 1000000000 1 1000000000 1 1000000000 1 1000000000 1 1000000000 1 1000000000 1 1000000000 1 1000000000 1 1000000000 1 1000000000 1 1000000000 1 1000000000 1 1000000000 1 1000000000 1 1000000000 1 1000000000 1 1000000000 1 1000000000 1 1000000000 1 1000000000 1 1000000000 1 1000000000 1 1000000000 1 1000000000 1 1000000000 1 1000000000 1 1000000000 1 1000000000 1 1000000000 1 1000000000 1 1000000000 1 1000000000 1 1000000000 1 1000000000 1 1000000000 1 1000000000 1 1000000000 1 1000000000 1 1000000000 1 1000000000 1 1000000000 1 1000000000 1 1000000000 1 1000000000 1 1000000000 1 1000000000 1 1000000000 1 1000000000 1 1000000000 1 1000000000 1 1000000000 1 1000000000 1 1000000000 1 1000000000 1 1000000000 1 1000000000 1 1000000000 1 1000000000 1 1000000000 1 1000000000 1 1000000000 1 1000000000 1 1000000000 1 1000000000 1 1000000000 1 1000000000 1 1000000000 1 1000000000 1 1000000000 1 1000000000 1 1000000000 1 1000000000 1 1000000000 1 1000000000 1 1000000000 1 1000000000 1 1000000000 1 1000000000 1 1000000000 1 1000000000 1 1000000000 1 1000000000 1 1000000000 1 1000000000 1 1000000000 1 1000000000 1 1000000000 1 1000000000 1 1000000000 1 1000000000 1 1000000000 1 1000000000 1 1000000000 1 1000000000 1 1000000000 1 1000000000 1 1000000000 1 1000000000 1 1000000000 1 1000000000 1 1000000000 1 1000000000 1 1000000000 1 1000000000 1 1000000000 1 1000000000 1 1000000000 1 1000000000 1 1000000000 1 1000000000 1 1000000000 1 1000000000 1 1000000000 1 1000000000 1 1000000000 1 1000000000 1 100
```
Your Output:
```
200000000099999

```
Expected Output:
```
199999000099999

```
Error Analysis: Line 1: Got '200000000099999', Expected '199999000099999'

### Your Task
Fix the C++ code to pass ALL test cases (including hidden ones).

### Critical Guidelines
1. Focus on algorithmic correctness - NO hard-coded values or special cases
2. Ensure proper data structures and complexity (aim for O(N log N) or better when possible)
3. Handle edge cases (empty input, single elements, max constraints)
4. Use standard C++20 features; avoid non-portable code

### Output Format
Provide ONLY the complete fixed C++ code in a single ```cpp block.
