### Problem Description
patched placeholder

### Your Incorrect Code
```cpp
#include<bits/stdc++.h>
using namespace std;
long long n,x,a[105],p[105],b[105],q[105],l,r,mid,ans,minn,sum;
int main()
{
	cin>>n>>x;
	for(int i=1;i<=n;i++)
		cin>>a[i]>>p[i]>>b[i]>>q[i];
	l=0,r=1000000005;
	while(l<=r)
	{
		mid=(l+r)/2;
		sum=0;
		for(int i=1;i<=n;i++)
		{
			minn=210000000000000000;
			for(int j=0;j<=b[i];j++)
			{
				if((mid-j*a[i])<=0)
				minn=min(minn,j*p[i]);
				else if((mid-j*a[i])/b[i]*b[i]==mid)
				minn=min(minn,j*p[i]+(mid-j*a[i])/b[i]*q[i]);
				else 
				minn=min(minn,j*p[i]+((mid-j*a[i])/b[i]+1)*q[i]);
			}
			for(int j=0;j<=a[i];j++)
			{
				if((mid-j*b[i])<=0)
				minn=min(minn,j*q[i]);
				else if((mid-j*b[i])/a[i]*a[i]==mid)
				minn=min(minn,j*q[i]+(mid-j*b[i])/a[i]*p[i]);
				else
				minn=min(minn,j*q[i]+((mid-j*b[i])/a[i]+1)*p[i]);
			}
			sum+=minn;
		}
		if(sum<=x)
		{
			ans=max(ans,mid);
			l=mid+1;
		}
		else
		{
			r=mid-1;
		}
	}
	cout<<ans;
}
```

### Failing Case #1
Input:
```
100 0
99 100 100 101
99 100 100 101
99 100 100 101
100 101 99 100
100 101 99 100
100 101 99 100
100 101 99 100
99 100 100 101
99 100 100 101
100 101 99 100
99 100 100 101
99 100 100 101
100 101 99 100
99 100 100 101
99 100 100 101
99 100 100 101
99 100 100 101
100 101 99 100
100 101 99 100
99 100 100 101
99 100 100 101
99 100 100 101
100 101 99 100
99 100 100 101
100 101 99 100
99 100 100 101
99 100 100 101
100 101 99 100
100 101 99 100
100 101 99 100
100 101 99 100
99 100 100 101
100 101 99 100
100 101 99 100
100 101 99 100
99 100 100 101
100 101 99 100
99 100 100 101
99 100 100 101
100 101 99 100
100 101 99 100
100 101 99 100
100 101 99 100
100 101 99 100
99 100 100 101
99 100 100 101
100 101 99 100
99 100 100 101
99 100 100 101
99 100 100 101
99 100 100 101
100 101 99 100
99 100 100 101
100 101 99 100
99 100 100 101
99 100 100 101
100 101 99 100
100 101 99 100
100 101 99 100
100 101 99 100
99 100 100 101
100 101 99 100
99 100 100 101
99 100 100 101
100 101 99 100
100 101 99 100
99 100 100 101
100 101 99 100
100 101 99 100
99 100 100 101
100 101 99 100
99 100 100 101
100 101 99 100
100 101 99 100
100 101 99 100
100 101 99 100
100 101 99 100
99 100 100 101
99 100 100 101
100 101 99 100
99 100 100 101
99 100 100 101
99 100 100 101
100 101 99 100
100 101 99 100
99 100 100 101
100 101 99 100
100 101 99 100
99 100 100 101
99 100 100 101
100 101 99 100
99 100 100 101
100 101 99 100
99 100 100 101
99 100 100 101
99 100 100 101
100 101 99 100
99 100 100 101
99 100 100 101
99 100 100 101

```
Your Output:
```
0
```
Expected Output:
```
0
```
Error Analysis: Outputs appear identical (possibly whitespace issue)
### Failing Case #2 (Alternative Size)
Input:
```
100 10000000
99 100 100 101
99 100 100 101
99 100 100 101
100 101 99 100
100 101 99 100
100 101 99 100
100 101 99 100
99 100 100 101
99 100 100 101
100 101 99 100
99 100 100 101
99 100 100 101
100 101 99 100
99 100 100 101
99 100 100 101
99 100 100 101
99 100 100 101
100 101 99 100
100 101 99 100
99 100 100 101
99 100 100 101
99 100 100 101
100 101 99 100
99 100 100 101
100 101 99 100
99 100 100 101
99 100 100 101
100 101 99 100
100 101 99 100
100 101 99 100
100 101 99 100
99 100 100 101
100 101 99 100
100 101 99 100
100 101 99 100
99 100 100 101
100 101 99 100
99 100 100 101
99 100 100 101
100 101 99 100
100 101 99 100
100 101 99 100
100 101 99 100
100 101 99 100
99 100 100 101
99 100 100 101
100 101 99 100
99 100 100 101
99 100 100 101
99 100 100 101
99 100 100 101
100 101 99 100
99 100 100 101
100 101 99 100
99 100 100 101
99 100 100 101
100 101 99 100
100 101 99 100
100 101 99 100
100 101 99 100
99 100 100 101
100 101 99 100
99 100 100 101
99 100 100 101
100 101 99 100
100 101 99 100
99 100 100 101
100 101 99 100
100 101 99 100
99 100 100 101
100 101 99 100
99 100 100 101
100 101 99 100
100 101 99 100
100 101 99 100
100 101 99 100
100 101 99 100
99 100 100 101
99 100 100 101
100 101 99 100
99 100 100 101
99 100 100 101
99 100 100 101
100 101 99 100
100 101 99 100
99 100 100 101
100 101 99 100
100 101 99 100
99 100 100 101
99 100 100 101
100 101 99 100
99 100 100 101
100 101 99 100
99 100 100 101
99 100 100 101
99 100 100 101
100 101 99 100
99 100 100 101
99 100 100 101
99 100 100 101

```
Error: Line 1: Got '99008', Expected '99009'

### Your Task
Fix the C++ code to pass ALL test cases (including hidden ones).

### Critical Guidelines
1. Focus on algorithmic correctness - NO hard-coded values or special cases
2. Ensure proper data structures and complexity (aim for O(N log N) or better when possible)
3. Handle edge cases (empty input, single elements, max constraints)
4. Use standard C++20 features; avoid non-portable code

### Output Format
Provide ONLY the complete fixed C++ code in a single ```cpp block.
