994005
994005
994005
994005
994005
994005
994005
994005
994005
994005
994005
994005
994005
994005
994005
994005
994005
994005
994005
994005
994005
994004
994004
994004
994004
994004
994004
994004
994004
994004
994004
994004
994004
994004
994004
994004
994004
994004
994004
994004
994004
994004
994004
994004
994004
994004
994004
994004
994004
994004
994004
994004
994004
994004
994004
994004
994004
994004
994004
994004
994004
994004
994004
994004
994004
994004
994004
994004
994004
994004
994004
994004
994004
994004
994004
994004
994004
994004
994004
994004
994004
994003
994003
994003
994003
994003
994003
994003
994003
994003
994002
994002
994002
994002
994002
994002
994002
994002
994002
994002
994002
994002
994002
994002
994002
994002
994002
994002
994002
994002
994002
994002
994002
994002
994002
994002
994002
994002
994002
994002
994002
994002
994002
994002
994002
994002
994002
994002
994002
994001
994001
994001
994001
994001
994001
994001
994001
994001
994001
994001
994001
994001
994001
994001
994001
994001
994001
994001
994001
994001
994001
994001
994001
994001
994001
994001
994001
994001
994001
994001
994001
994001
994001
994001
994001
994001
994001
994001
994001
994001
994000
994000
994000
994000
994000
993999
993999
993999
993999
993999
993999
993999
993999
993999
993999
993999
993999
993999
993999
993999
993999
993999
993999
993999
993999
993999
993999
993999
993999
993999
993999
993999
993999
993999
993999
993999
993999
993999
993999
993999
993999
993999
993999
993999
993999
993999
993999
993999
993999
993999
993999
993999
993999
993999
993999
993999
993999
993999
993999
993999
993999
993999
993999
993999
993999
993999
993999
993999
993999
993999
993999
993999
993999
993999
993999
993999
993999
993999
993999
993999
993999
993999
993999
993999
993999
993999
993999
993999
993999
993999
993998
993998
993998
993998
993998
993998
993998
993998
993998
993998
993998
993998
993998
993998
993998
993998
993997
993997
993997
993997
993997
993997
993997
993997
993997
993997
993997
993997
993997
993997
993997
993997
993997
993997
993997
993997
993997
993997
993996
993996
993996
993996
993996
993996
993996
993996
993996
993996
993996
993996
993996
993996
993996
993996
993996
993996
993996
993996
993996
993995
993995
993995
993995
993995
993995
993995
993995
993995
993995
993995
993995
993995
993995
993995
993995
993995
993995
993995
993995
993995
993995
993995
993995
993995
993995
993995
993995
993995
993995
993995
993995
993993
993993
993993
993993
993993
993993
993993
993993
993993
993993
993993
993993
993993
993993
993993
993993
993993
993993
993993
993993
993993
993993
993993
993993
993993
993993
993993
993993
993993
993993
993993
993993
993993
993993
993993
993993
993993
993993
993993
993993
993993
993993
993993
993993
993993
993993
993993
993993
993993
993993
993993
993993
993993
993993
993993
993993
993993
993993
993992
993992
993992
993992
993992
993992
993992
993992
993992
993992
993992
993992
993992
993992
993992
993992
993991
993991
993991
993991
993991
993991
993991
993991
993991
993991
993991
993991
993991
993991
993991
993991
993991
993991
993991
993991
993991
993991
993991
993991
993991
993991
993991
993991
993990
993990
993990
993990
993990
993990
993990
993990
993990
993990
993990
993990
993990
993990
993990
993990
993990
993990
993990
993990
993990
993990
993990
993990
993990
993990
993990
993990
993990
993990
993990
993990
993990
993990
993990
993990
993990
993990
993990
993989
993989
993989
993989
993989
993989
993989
993989
993989
993989
993989
993989
993989
993989
993989
993989
993989
993989
993989
993989
993989
993989
993989
993989
993989
993989
993989
993989
993988
993988
993988
993988
993988
993988
993988
993988
993988
993988
993988
993988
993988
993987
993987
993987
993987
993987
993987
993987
993987
993987
993987
993987
993987
993987
993987
993987
993987
993987
993987
993987
993987
993987
993986
993986
993986
993986
993986
993986
993986
993986
993986
993986
993986
993986
993986
993986
993986
993986
993986
993986
993986
993986
993986
993986
993986
993986
993986
993986
993986
993986
993986
993986
993986
993986
993986
993986
993986
993986
993986
993986
993986
993986
993986
993986
993986
993986
993986
993986
993986
993986
993986
993986
993986
993985
993985
993985
993985
993985
993985
993985
993985
993985
993985
993985
993985
993985
993985
993985
993985
993985
993985
993985
993985
993985
993985
993985
993985
993985
993985
993985
993985
993985
993985
993985
993985
993985
993985
993985
993985
993985
993985
993985
993985
993985
993985
993985
993985
993985
993985
993985
993985
993984
993983
993983
993983
993983
993983
993983
993982
993982
993982
993982
993982
993982
993982
993982
993982
993982
993982
993982
993982
993982
993982
993982
993982
993982
993982
993982
993982
993982
993982
993982
993982
993982
993982
993981
993981
993981
993981
993981
993981
993981
993981
993981
993981
993981
993981
993981
993981
993981
993981
993981
993981
993981
993981
993980
993980
993980
993980
993980
993980
993980
993980
993980
993980
993980
993980
993980
993980
993980
993980
993980
993980
993980
993980
993980
993980
993980
993980
993980
993980
993980
993979
993979
993979
993979
993979
993979
993979
993979
993979
993979
993979
993979
993979
993979
993979
993979
993979
993979
993979
993979
993979
993979
993979
993979
993979
993979
993979
993979
993979
993979
993978
993978
993978
993978
993978
993978
993978
993978
993978
993978
993978
993978
993978
993978
993978
993978
993978
993978
993978
993978
993978
993978
993978
993978
993978
993978
993978
993978
993978
993978
993978
993978
993978
993978
993978
993978
993978
993978
993978
993978
993978
993978
993978
993978
993977
993977
993977
993977
993977
993977
993977
993977
993977
993977
993977
993977
993976
993976
993976
993976
993976
993976
993976
993976
993976
993976
993976
993976
993976
993976
993976
993976
993976
993976
993976
993976
993976
993976
993976
993976
993976
993976
993976
993976
993976
993976
993976
993976
993976
993976
993976
993976
993976
993976
993976
993976
993976
993976
993976
993976
993976
993976
993976
993976
993976
993976
993976
993975
993975
993975
993975
993975
993975
993975
993975
993975
993975
993975
993975
993975
993975
993975
993975
993975
993975
993975
993975
993975
993975
993975
993975
993975
993975
993974
993974
993974
993974
993974
993974
993974
993974
993974
993974
993974
993974
993974
993974
993974
993974
993974
993974
993974
993974
993974
993974
993974
993974
993974
993974
993974
993974
993974
993974
993974
993974
993974
993974
993974
993974
993974
993974
993974
993974
993974
993974
993974
993974
993973
993973
993973
993973
993973
993973
993973
993973
993972
993972
993972
993972
993972
993972
993972
993972
993972
993972
993972
993972
993972
993972
993971
993971
993971
993971
993971
993971
993971
993971
993971
993971
993971
993971
993971
993971
993971
993971
993971
993971
993971
993971
993971
993971
993971
993971
993971
993971
993971
993971
993971
993971
993971
993971
993971
993971
993971
993971
993971
993971
993971
993971
993971
993971
993971
993971
993971
993971
993971
993971
993971
993971
993971
993971
993971
993971
993971
993971
993971
993971
993971
993971
993971
993971
993971
993971
993971
993971
993971
993971
993971
993971
993971
993971
993971
993971
993971
993971
993971
993971
993971
993971
993971
993971
993971
993971
993971
993971
993971
993971
993971
993971
993971
993971
993971
993971
993971
993971
993971
993971
993971
993971
993971
993971
993971
993971
993971
993971
993971
993971
993971
993971
993971
993971
993971
993971
993971
993971
993971
993971
993971
993971
993971
993971
993971
993971
993971
993971
993971
993971
993971
993971
993971
993971
993971
993971
993971
993971
993971
993971
993971
993971
993971
993971
993971
993971
993971
993971
993971
993971
993971
993971
993971
993971
993971
993971
993971
993971
993971
993971
993971
993971
993971
993971
993971
993971
993971
993971
993971
993971
993971
993971
993971
993971
993971
993971
993971
993971
993971
993971
993971
993971
993971
993971
993971
993971
993971
993970
993970
993970
993970
993970
993970
993970
993970
993970
993970
993970
993970
993970
993970
993970
993970
993970
993970
993970
993970
993970
993970
99