-1
-1
-1
-1
-1
-1
-1
-1
-1
-1
-1
-1
-1
-1
-1
-1
-1
-1
-1
-1
-1
-1
-1
-1
-1
-1
88982
-1
-1
-1
174032
-1
-1
-1
-1
-1
-1
-1
-1
-1
-1
-1
-1
-1
-1
-1
-1
-1
-1
-1
-1
-1
-1
-1
-1
-1
185339
186729
-1
-1
-1
-1
-1
-1
-1
-1
-1
-1
-1
-1
-1
181552
-1
-1
-1
-1
143507
-1
-1
-1
-1
-1
-1
23508
153491
-1
-1
-1
-1
-1
-1
-1
-1
-1
-1
-1
-1
-1
-1
-1
-1
-1
284
-1
-1
173866
-1
-1
157297
-1
-1
-1
-1
-1
-1
-1
-1
-1
86693
-1
-1
-1
-1
-1
-1
-1
-1
196973
-1
66729
-1
-1
-1
-1
-1
-1
-1
-1
-1
-1
-1
-1
-1
-1
-1
-1
-1
-1
-1
-1
-1
-1
39378
-1
-1
-1
-1
-1
169980
-1
-1
-1
-1
-1
-1
-1
-1
-1
-1
-1
-1
-1
-1
-1
-1
-1
-1
-1
-1
175419
-1
-1
-1
-1
-1
-1
-1
-1
-1
-1
-1
-1
-1
-1
-1
-1
-1
-1
-1
-1
-1
-1
-1
-1
-1
-1
-1
-1
152194
-1
-1
-1
-1
-1
-1
-1
62297
21357
-1
-1
-1
-1
-1
-1
82404
-1
-1
-1
92149
-1
-1
-1
-1
-1
-1
-1
-1
-1
-1
-1
-1
-1
-1
-1
-1
-1
-1
-1
-1
138651
-1
-1
-1
-1
13457
-1
-1
-1
-1
-1
-1
-1
-1
-1
-1
-1
-1
-1
-1
-1
-1
-1
-1
7797
-1
-1
-1
-1
-1
-1
-1
-1
191766
-1
-1
-1
-1
-1
-1
-1
-1
-1
-1
-1
-1
-1
-1
-1
-1
-1
-1
-1
-1
-1
-1
-1
-1
-1
-1
60382
-1
54323
-1
-1
-1
-1
-1
-1
-1
-1
-1
-1
69752
-1
-1
77412
-1
-1
-1
-1
-1
-1
-1
-1
-1
-1
-1
-1
-1
193636
-1
196366
-1
-1
-1
-1
30739
-1
-1
-1
-1
-1
-1
-1
-1
-1
106875
-1
-1
-1
21861
-1
-1
-1
-1
-1
-1
39793
-1
-1
-1
-1
-1
-1
-1
-1
-1
-1
-1
-1
-1
-1
-1
-1
161577
-1
-1
-1
-1
-1
-1
1711
71515
-1
-1
-1
-1
-1
-1
-1
53694
-1
-1
-1
-1
-1
-1
-1
-1
-1
-1
-1
-1
-1
-1
134123
-1
3551
36356
-1
-1
-1
-1
-1
-1
-1
-1
-1
62394
-1
-1
-1
-1
-1
-1
-1
7433
-1
-1
-1
197702
-1
83192
-1
-1
156251
-1
-1
-1
-1
-1
-1
-1
-1
-1
-1
-1
-1
-1
-1
-1
148565
-1
-1
-1
-1
-1
-1
-1
-1
-1
-1
-1
-1
-1
-1
-1
-1
-1
-1
-1
-1
-1
-1
-1
-1
-1
-1
-1
-1
-1
-1
-1
68927
26115
-1
-1
-1
-1
-1
-1
-1
-1
-1
-1
-1
-1
-1
-1
-1
-1
-1
-1
-1
-1
-1
-1
66209
-1
44791
-1
-1
-1
-1
-1
-1
-1
-1
-1
148403
-1
-1
-1
-1
-1
-1
-1
-1
-1
-1
-1
-1
-1
-1
-1
-1
-1
-1
-1
-1
-1
-1
-1
-1
-1
-1
-1
-1
60566
-1
40859
17327
-1
-1
118681
-1
162733
-1
-1
-1
-1
-1
-1
-1
-1
114905
-1
-1
-1
-1
-1
-1
-1
-1
-1
-1
-1
-1
-1
-1
-1
-1
-1
54935
-1
-1
-1
70194
-1
-1
-1
-1
-1
-1
-1
-1
-1
-1
-1
-1
-1
-1
-1
-1
-1
-1
-1
-1
-1
23222
75066
-1
-1
-1
-1
-1
-1
-1
28244
-1
-1
-1
-1
-1
-1
-1
-1
21812
-1
-1
-1
-1
-1
-1
-1
-1
-1
-1
-1
-1
-1
-1
-1
139693
-1
-1
115501
-1
-1
-1
-1
-1
-1
-1
-1
-1
-1
-1
-1
-1
-1
-1
-1
-1
-1
179261
-1
-1
-1
-1
-1
-1
-1
-1
-1
-1
188322
-1
-1
-1
-1
-1
-1
-1
-1
-1
-1
-1
-1
-1
-1
-1
170174
-1
164873
-1
-1
-1
-1
-1
-1
-1
-1
20558
-1
-1
-1
-1
-1
-1
-1
-1
-1
-1
189596
-1
-1
-1
-1
-1
-1
-1
-1
-1
-1
-1
-1
-1
-1
-1
-1
39781
-1
-1
-1
-1
-1
-1
-1
-1
-1
-1
-1
-1
-1
-1
164995
-1
-1
-1
-1
-1
-1
-1
-1
-1
-1
-1
-1
-1
-1
154939
-1
-1
155333
-1
-1
-1
-1
-1
-1
-1
41506
-1
-1
-1
-1
-1
-1
-1
-1
-1
-1
-1
-1
-1
-1
-1
-1
-1
-1
-1
-1
-1
-1
-1
-1
64726
192285
-1
-1
-1
-1
-1
-1
-1
-1
-1
-1
-1
-1
-1
-1
8573
-1
3119
-1
-1
-1
-1
92180
-1
-1
-1
-1
-1
-1
-1
-1
-1
70733
-1
-1
-1
-1
-1
-1
-1
-1
-1
-1
-1
-1
-1
-1
-1
-1
-1
-1
-1
-1
-1
-1
-1
-1
-1
-1
-1
-1
-1
-1
-1
-1
-1
-1
-1
-1
-1
-1
-1
-1
100262
-1
-1
-1
-1
167729
-1
-1
-1
197438
-1
-1
-1
-1
-1
-1
-1
-1
184012
61781
-1
-1
-1
-1
-1
-1
-1
-1
-1
44202
-1
-1
-1
-1
191376
-1
-1
-1
-1
-1
-1
-1
-1
-1
-1
98035
-1
115447
-1
-1
-1
-1
-1
-1
10122
-1
-1
-1
-1
-1
-1
-1
-1
-1
-1
-1
-1
-1
-1
-1
-1
-1
-1
-1
-1
-1
-1
-1
185154
-1
-1
-1
-1
-1
-1
-1
-1
-1
-1
-1
-1
-1
-1
-1
-1
-1
-1
45974
-1
-1
-1
-1
-1
120344
-1
-1
-1
-1
-1
-1
-1
-1
-1
-1
-1
198443
-1
-1
-1
-1
-1
-1
-1
-1
140368
-1
-1
-1
-1
135159
-1
21930
105143
-1
78026
-1
160735
163583
-1
-1
173809
-1
-1
-1
-1
-1
-1
-1
-1
-1
-1
-1
-1
-1
-1
175397
-1
-1
-1
-1
-1
-1
-1
-1
-1
-1
-1
-1
-1
-1
-1
-1
-1
-1
-1
-1
-1
-1
-1
177468
-1
-1
-1
-1
-1
-1
-1
-1
35729
10873
-1
-1
-1
-1
-1
-1
-1
-1
10957
-1
-1
-1
-1
-1
-1
-1
-1
-1
9410
-1
-1
-1
-1
-1
-1
-1
132360
-1
-1
-1
-1
-1
-1
-1
-1
-1
-1
-1
-1
-1
85443
-1
93329
81988
-1
-1
-1
-1
-1
-1
-1
-1
-1
-1
-1
-1
-1
-1
-1
-1
-1
-1
-1
68557
-1
-1
-1
-1
-1
-1
170046
-1
-1
-1
42053
-1
-1
-1
-1
-1
-1
-1
3131
54539
-1
-1
149484
-1
-1
-1
-1
45344
-1
-1
-1
41102
-1
-1
-1
-1
-1
-1
-1
-1
-1
-1
-1
-1
-1
-1
-1
-1
-1
132175
-1
-1
-1
-1
-1
-1
-1
-1
-1
-1
-1
-1
-1
-1
-1
-1
173396
-1
-1
-1
-1
-1
-1
-1
-1
-1
-1
-1
-1
-1
91320
-1
-1
-1
-1
-1
-1
-1
-1
-1
29531
-1
-1
145668
-1
-1
-1
-1
-1
98871
-1
-1
-1
-1
58078
-1
134020
-1
-1
-1
-1
-1
-1
-1
-1
-1
-1
-1
-1
-1
-1
-1
114286
-1
-1
-1
-1
-1
-1
-1
-1
-1
-1
-1
-1
-1
-1
107967
47198
-1
-1
-1
-1
-1
-1
-1
-1
-1
-1
-1
-1
-1
-1
-1
-1
-1
143945
-1
-1
-1
-1
-1
-1
-1
-1
-1
-1
-1
-1
-1
-1
-1
-1
-1
-1
-1
-1
-1
-1
-1
-1
-1
-1
-1
-1
-1
-1
-1
-1
-1
-1
-1
-1
-1
-1
-1
-1
-1
-1
-1
-1
54722
-1
-1
-1
-1
-1
-1
-1
-1
-1
-1
-1
-1
-1
-1
-1
-1
-1
-1
-1
-1
-1
-1
-1
-1
-1
-1
-1
-1
-1
-1
-1
-1
-1
-1
-1
-1
-1
-1
-1
-1
151720
-1
-1
-1
-1
-1
55123
-1
-1
-1
-1
-1
-1
-1
-1
-1
152425
-1
-1
-1
-1
-1
-1
-1
-1
-1
-1
-1
-1
-1
-1
-1
-1
-1
-1
-1
-1
-1
-1
-1
131028
-1
-1
-1
-1
-1
100096
-1
-1
-1
-1
-1
-1
-1
-1
-1
-1
-1
-1
-1
-1
-1
-1
-1
-1
-1
-1
-1
-1
-1
-1
-1
-1
-1
-1
-1
-1
-1
-1
-1
-1
-1
-1
-1
-1
-1
-1
-1
116526
-1
86954
-1
-1
-1
-1
-1
-1
-1
-1
-1
-1
-1
-1
145566
-1
-1
-1
-1
-1
-1
-1
-1
-1
-1
-1
-1
-1
-1
-1
-1
-1
111497
-1
-1
-1
-1
68907
-1
-1
-1
-1
119994
-1
-1
-1
-1
-1
-1
-1
-1
-1
-1
-1
-1
-1
-1
-1
93567
-1
-1
-1
-1
-1
-1
-1
-1
-1
-1
107021
156525
-1
-1
-1
-1
-1
-1
15485
85517
-1
-1
-1
-1
-1
-1
-1
-1
-1
-1
-1
-1
-1
-1
-1
-1
-1
-1
-1
-1
-1
-1
-1
-1
-1
-1
-1
-1
197766
-1
-1
-1
-1
-1
-1
-1
-1
-1
-1
-1
-1
-1
-1
-1
10042
-1
-1
58298
-1
-1
-1
-1
-1
-1
-1
-1
-1
-1
-1
-1
-1
-1
-1
-1
-1
-1
-1
-1
-1
-1
-1
-1
-1
-1
-1
-1
-1
-1
-1
-1
-1
-1
-1
-1
-1
-1
9864
-1
-1
-1
-1
-1
-1
-1
-1
28196
-1
-1
-1
83275
-1
194628
-1
-1
153515
-1
-1
-1
-1
-1
-1
46628
-1
-1
-1
-1
-1
-1
-1
-1
-1
-1
-1
-1
-1
-1
-1
-1
-1
-1
-1
-1
-1
-1
-1
170427
-1
-1
-1
-1
86000
-1
84854
-1
-1
-1
-1
103426
22728
-1
189671
-1
-1
-1
-1
-1
-1
-1
-1
-1
-1
-1
-1
-1
-1
87788
192014
-1
-1
85990
-1
-1
-1
-1
-1
-1
-1
-1
-1
-1
80758
-1
-1
-1
-1
-1
-1
-1
-1
-1
-1
-1
113141
-1
4758
-1
-1
-1
-1
88327
-1
-1
-1
-1
-1
-1
-1
-1
-1
81821
-1
-1
-1
-1
-1
-1
-1
-1
-1
-1
-1
-1
-1
-1
-1
-1
-1
-1
34131
-1
-1
-1
-1
-1
-1
112026
-1
-1
-1
-1
-1
-1
-1
21546
-1
-1
-1
-1
-1
-1
45232
-1
-1
-1
-1
-1
-1
-1
-1
-1
88656
-1
-1
-1
-1
-1
-1
-1
-1
-1
-1
-1
-1
-1
-1
-1
-1
-1
-1
-1
-1
-1
-1
-1
-1
-1
-1
-1
-1
-1
60405
-1
-1
-1
72687
-1
54773
-1
-1
-1
-1
-1
-1
-1
-1
109870
-1
-1
-1
-1
-1
-1
-1
-1
-1
-1
-1
-1
-1
-1
-1
-1
-1
-1
-1
-1
-1
13259
-1
-1
-1
-1
-1
-1
-1
104252
-1
-1
-1
-1
-1
-1
-1
-1
-1
-1
99477
-1
-1
-1
-1
-1
-1
-1
-1
-1
-1
-1
130257
-1
-1
-1
-1
-1
-1
-1
-1
-1
-1
-1
-1
-1
-1
-1
-1
-1
-1
-1
-1
-1
-1
-1
107769
-1
-1
-1
-1
-1
-1
-1
-1
-1
-1
-1
-1
50946
-1
45487
-1
-1
-1
-1
-1
-1
-1
-1
-1
80486
-1
-1
132075
-1
-1
-1
-1
-1
-1
-1
-1
-1
-1
-1
51112
-1
-1
94615
-1
-1
-1
-1
-1
-1
-1
-1
-1
-1
-1
-1
-1
-1
-1
9658
-1
-1
-1
-1
53145
-1
-1
-1
-1
-1
-1
-1
-1
-1
193345
-1
-1
-1
-1
-1
58366
-1
-1
-1
68476
-1
-1
-1
-1
94069
146054
-1
-1
-1
-1
-1
-1
-1
-1
-1
-1
-1
-1
-1
-1
-1
-1
-1
-1
138478
-1
-1
-1
-1
-1
-1
-1
-1
-1
-1
-1
-1
79185
-1
-1
-1
-1
-1
124844
-1
-1
-1
-1
-1
-1
127399
-1
-1
-1
-1
-1
-1
108525
-1
-1
62741
167163
-1
-1
-1
13461
-1
-1
-1
-1
-1
-1
-1
-1
-1
-1
-1
-1
-1
-1
-1
-1
41679
-1
-1
-1
-1
58144
-1
-1
83141
-1
-1
123226
-1
-1
-1
-1
-1
-1
-1
-1
-1
-1
-1
-1
-1
-1
-1
-1
190292
-1
-1
-1
-1
-1
-1
-1
-1
-1
37066
-1
-1
-1
119335
-1
-1
-1
-1
-1
-1
-1
-1
-1
-1
-1
-1
-1
-1
-1
-1
-1
-1
26529
-1
118689
-1
-1
-1
-1
-1
-1
-1
-1
-1
-1
-1
-1
-1
-1
-1
-1
-1
127253
198079
139905
-1
-1
-1
-1
-1
-1
-1
-1
-1
-1
-1
-1
-1
-1
-1
-1
194492
35255
-1
-1
-1
-1
-1
-1
-1
-1
-1
-1
-1
10143
-1
-1
-1
-1
-1
-1
-1
-1
-1
-1
-1
-1
-1
-1
-1
-1
-1
-1
-1
-1
-1
-1
-1
-1
-1
-1
-1
-1
-1
-1
-1
186287
-1
106195
-1
-1
-1
-1
-1
-1
-1
-1
47085
-1
-1
-1
-1
-1
-1
-1
-1
-1
-1
-1
-1
-1
-1
-1
-1
-1
-1
-1
20167
-1
-1
-1
161905
-1
-1
-1
-1
-1
-1
-1
-1
-1
-1
-1
-1
-1
-1
-1
-1
-1
-1
-1
-1
-1
-1
-1
-1
-1
-1
-1
-1
-1
-1
-1
-1
-1
-1
-1
-1
-1
-1
-1
-1
-1
-1
-1
-1
-1
-1
-1
-1
-1
-1
-1
-1
-1
-1
-1
-1
-1
-1
-1
-1
-1
-1
-1
-1
-1
-1
-1
-1
-1
-1
58444
-1
195271
112144
-1
-1
-1
-1
-1
-1
-1
-1
-1
-1
-1
-1
-1
-1
-1
-1
-1
44105
-1
-1
-1
-1
-1
-1
-1
-1
-1
-1
-1
-1
-1
-1
723
-1
168585
-1
-1
-1
-1
-1
145021
-1
-1
-1
-1
-1
-1
-1
-1
-1
-1
-1
-1
-1
83689
-1
-1
-1
-1
-1
-1
-1
-1
-1
-1
-1
-1
-1
-1
-1
-1
-1
-1
-1
-1
-1
-1
-1
-1
-1
-1
-1
-1
-1
-1
-1
-1
-1
-1
-1
-1
-1
28679
-1
-1
-1
-1
-1
-1
-1
-1
-1
-1
-1
-1
-1
-1
-1
-1
