### Problem Description
patched placeholder

### Your Incorrect Code
```cpp
#include <bits/stdc++.h>
using namespace std;
const long long INF = 1LL << 60;
const long long MOD = 998244353LL;

int main(){
    int N, M;
    cin >> N >> M;
    vector<vector<int>> G(N);
    for(int i=0; i<M; i++){
        int u, v;
        cin >> u >> v;
        u--, v--;
        G[u].push_back(v);
    }
    vector<int> dist(N, -1);
    queue<pair<int, int>> que;
    que.push({0, 0});
    dist[0] = 0;
    while(!que.empty()){
        int pos = que.front().first;
        int d = que.front().second;
        que.pop();
        for(int i=0; i<(int)G[pos].size(); i++){
            int nex = G[pos][i];
            if(dist[nex]!=-1) continue;
            que.push({nex, d+1});
            dist[nex] = d+1;
        }
    }
    int ans = 100000000;
    for(int i=1; i<N; i++){
        bool ok = false;
        for(auto x : G[i]){
            if(x==0) ok = true;
        }
        if(ok) ans = min(ans, dist[i]);
    }
    if(ans==100000000) cout << -1 << endl;
    else cout << ans+1 << endl;
    return 0;
}
```

### Failing Case #1
Input:
```
200000 200000
74188 185111
132852 168771
192074 169878
20629 195552
22376 60969
136414 52895
175728 126837
18914 99575
12743 65243
17770 4049
117397 118606
168768 26444
138342 43675
40725 169012
173119 195821
12106 116259
65367 41236
142396 155280
190419 59232
147368 298
109958 154684
69416 195788
166200 87795
57908 101115
146252 42259
33890 190591
59131 25073
90052 132538
29023 33811
25075 52319
60450 128229
133364 110265
74102 116512
169146 195020
57202 53025
76739 146398
30887 47315
179147 84098
133540 115053
24671 193580
50588 104721
117050 87846
74015 123383
53830 131203
109813 43374
16159 66462
133657 184606
85804 115164
110270 132868
148510 116051
110455 192368
72290 92689
8197 57071
69063 186740
29562 22030
141418 125571
66847 176400
185319 177062
175410 186511
15323 157271
32696 82058
76214 78804
11010 106217
12266 142400
14844 106427
95533 23227
33195 176775
27850 9516
135308 101043
69484 67939
175255 142388
148243 95014
175883 180238
39325 36664
177954 158647
120873 158949
186108 112224
86794 148729
10599 126591
94335 123269
47776 21840
32992 89942
15630 63353
133990 47146
58451 190138
183012 41559
118481 12007
41811 194223
25124 117430
66139 36813
136690 150608
28877 59346
146768 175559
49805 67896
132969 48940
26460 85250
120011 7633
14097 34031
164669 25480
170884 178305
139511 138871
184799 194278
179935 45821
168423 26410
90565 60985
69302 121472
199044 69379
137200 106008
22513 32059
176783 14575
147791 77959
135161 162952
195757 81013
43465 31106
184422 192566
149635 163297
160840 160797
74725 106106
173094 140262
56657 105112
139680 125378
69581 94010
88331 172252
144603 151479
76506 120703
9993 63216
162070 68379
23402 174659
22666 76445
69014 32235
173436 199385
47811 158093
97557 29959
153916 36691
198629 39750
92510 163455
77452 113303
155579 75470
195622 171239
135445 171026
1430 139432
49704 159413
147427 100245
82951 5296
157489 71788
184372 50975
191434 55691
164292 183826
20123 58045
170493 58652
119545 108793
59615 146528
175939 169953
186710 44927
183926 115311
121091 33681
197323 187050
38438 12384
84676 93482
156250 77607
30160 58535
188033 185858
20167 144811
146376 43252
10759 66878
197823 85836
154442 130126
146077 19907
79715 43953
189558 130078
9044 168836
53353 101352
134384 184685
8840 88272
157191 126463
123956 78939
98546 22769
48410 28768
43544 32174
86060 139006
126966 7068
120177 9175
74061 72729
104703 78199
61094 81565
69023 26246
26299 166908
97371 132290
126742 109080
10257 169615
23478 156373
180957 142840
124691 87581
184729 149095
177099 24954
162048 91200
173303 150965
81009 75604
195601 57058
167358 199831
60845 127152
65667 158153
42451 12247
97257 177589
123434 100100
111596 40144
189851 68445
79529 174283
81977 83090
159118 57650
37485 112172
199702 186166
112792 58862
83434 168797
98772 181615
156033 137163
168782 20566
168395 98332
36495 42367
87819 97756
86825 111997
39786 110398
180749 153224
49573 93251
149002 188040
153750 99472
19843 20629
69662 73138
49512 74284
15072 10804
89990 151389
188539 121441
135987 19912
64332 132967
101149 101664
167593 121742
77817 15451
51732 34865
26749 105815
169612 36493
63171 131687
98602 170040
12733 55867
165937 87516
135856 110248
160182 80427
122124 76204
106197 183542
132649 198957
1434 68865
21343 179532
23468 44601
155521 88580
84401 84094
99938 20948
79733 101674
190902 92256
97181 92499
52692 7198
182758 69360
4688 36773
153825 72631
36801 100052
15905 135889
25518 34977
14540 21293
66667 13261
166939 58626
97471 26917
110304 50715
39087 65372
147042 82276
54965 130350
34819 191855
28597 171407
70392 198099
13356 77106
73429 65736
120011 153719
153008 183039
70852 147778
957 117978
25804 9106
168595 172750
131226 136400
92368 111977
6357 115511
25021 182381
166785 155977
103928 131291
149821 54690
21904 138295
92629 71332
7484 15709
111959 3304
127643 54570
143869 82184
56522 59271
98174 117734
115554 184570
174049 158838
35314 174779
181455 186615
103137 136018
167275 36177
6823 196657
164779 44309
14292 86264
149703 52975
58986 167044
89056 127278
29185 171557
161471 15726
131840 27011
26269 54206
146706 66337
195089 63761
13823 46
11216 79594
149817 37297
98826 155112
101326 105209
75283 98671
94260 61368
67855 74679
56656 141583
186879 92590
146719 20698
126179 51530
188641 132247
109912 39327
34840 158609
98611 186100
12733 67975
176700 90426
128088 72314
119332 94344
46765 75329
164810 11233
76702 91012
35351 145254
53151 161833
70148 112039
63543 55273
139822 70928
9357 143275
19502 46274
62706 181957
33838 95307
111046 83908
116382 127883
148171 4646
19636 73199
15425 11844
144858 84132
156720 87884
41635 136520
152791 85147
195521 33843
7945 134798
31527 82198
105591 190069
181771 55152
51704 93885
189012 188763
71262 112657
105368 164593
198833 74245
6308 45320
110044 63391
85012 113634
98063 64528
27976 143675
139279 43303
98961 136682
152784 85252
17567 9551
119453 16150
113810 128880
198240 178811
43687 14309
84687 164949
2638 55194
139396 196332
159051 43737
133546 197065
84590 66944
86426 32016
64342 73208
161156 1120
72095 10437
144664 156446
101737 28336
51137 141170
97621 48911
65128 107654
171561 104606
73693 58015
84690 108861
68911 77498
71975 119788
152504 69306
114948 141178
156501 173629
173530 173475
151826 92878
178960 141282
118310 22506
199221 105622
192276 130235
123013 120179
163338 118901
39391 138422
14531 23998
104543 96353
48923 101468
81798 19025
165450 156648
110185 58841
193284 22065
157386 39801
128811 18778
4639 128390
145989 139307
88348 84318
81941 149575
121571 121437
97493 178916
199079 152378
129098 142565
181012 121989
97329 93093
22064 40297
68965 20346
192528 105444
193567 144608
5604 76142
74660 81077
6880 103573
50838 63983
197059 14437
58118 191123
119978 313
57571 77124
30949 107193
197724 63625
67525 78550
179677 62712
43030 68204
191012 41017
98324 28653
152619 14913
85164 29096
109820 87575
105709 173999
199153 91835
182613 15040
20757 141775
43718 61408
183604 111699
24135 181233
53241 22006
50760 65349
79209 183071
1179 174825
71330 56728
165146 84278
103825 155405
183124 92531
119322 147311
156621 188177
64928 114057
345 55307
60472 104662
27823 126268
104873 153099
60370 125498
52380 21418
39501 36957
185956 20554
102922 142896
182959 41987
44569 45888
180409 145348
196207 100874
12427 57309
94411 68634
98854 149549
44909 122273
50021 13049
153760 76542
145791 162010
30440 196805
79375 52607
89371 192821
149570 68228
35572 91755
177061 38255
107876 176631
195074 86395
119171 30227
80238 36242
102411 52467
129069 89555
19758 50485
67325 29959
140072 80516
6337 106532
64979 186810
60219 95101
71505 20726
100899 71272
170740 169056
177314 144265
120841 108964
32127 64313
104349 113159
27673 52130
30443 116035
42159 73534
170887 186903
99819 184151
16103 171662
197475 88847
165687 20427
152051 166258
121057 190711
184089 95647
72092 61411
110655 15934
27178 5464
183709 43710
18582 145157
17309 79834
170010 140421
145246 7751
84336 11287
110298 179521
126682 176310
190644 110811
133951 187584
190147 27840
167587 56530
68725 182517
7630 56260
8327 114618
109639 110301
117691 146105
48808 148299
184782 124488
68400 193958
126538 18067
77604 25981
83811 102761
7110 40580
172051 30996
28747 36873
121763 191177
186390 143982
135704 315
50071 10340
38467 69959
145639 108840
119542 192792
198298 25818
179151 36295
143002 197055
133285 30634
161711 76090
14067 93439
8985 99307
182300 140697
144900 186606
41132 50039
55941 138877
123491 82202
100390 115987
186702 66426
150958 78527
138922 45114
73182 111825
12355 8360
107719 178264
151468 86897
58974 86497
132856 198931
71640 89698
104750 38565
168689 60642
172174 170347
197438 90540
7086 183798
106347 40872
32115 11621
29019 118038
165161 151871
73892 1673
134482 143800
189167 91654
174144 162626
164796 75031
17560 150312
110333 67210
8155 175342
20250 76622
258 101435
135488 43148
178748 138269
180057 41495
78841 119515
185255 61167
125084 174020
63257 194140
105723 127116
186387 93640
159917 115517
44661 135840
6218 117634
155641 167803
14111 13314
41247 22056
43087 135666
49298 98364
196447 100786
154283 134671
69946 42673
6741 186596
94420 94102
187268 21743
198041 187547
63970 33857
31808 170140
27025 156093
78897 21594
93397 39529
125551 155552
145502 183217
39372 38600
112117 85231
5022 141597
136001 151881
51655 113558
50970 9149
72018 80064
100742 178141
104786 112893
142407 29746
53101 100330
170171 38567
11373 54533
21966 141567
39845 98541
21711 50092
140725 41271
142904 170737
68405 44068
90303 128748
38754 138473
79089 130
146041 125128
86632 142137
88762 90189
140938 194437
106647 69444
8627 173976
155658 158342
197787 149958
118651 83503
58094 59926
194025 30153
71332 75937
127971 161356
85939 50043
138061 180882
116062 100312
149041 102342
147607 178149
145046 138713
19364 102312
53907 1649
116781 166311
184754 191537
14246 160651
60827 192261
80424 60193
76629 75094
149412 152236
7475 185746
140778 23505
129150 192003
49915 4263
93291 147882
178427 93737
191530 106551
119223 68242
89816 145156
162054 59218
19647 184134
69248 189542
32104 193376
99208 143307
137307 68790
77603 71367
95199 178381
33592 51210
196674 89599
127096 158436
172505 16363
101608 47886
130569 195704
22555 60238
49790 165283
105947 174670
173930 23604
66550 21398
140057 82074
3534 6608
193081 85314
85053 42746
78666 28805
115876 177491
26006 131500
65669 197071
97623 147004
86005 5734
55189 27602
4705 120283
153449 95510
77526 40250
7727 74757
38374 123821
49728 14764
52471 49897
34226 80964
141568 138193
150327 3942
181321 118856
23405 84986
10536 54451
158004 59914
38624 124105
9447 20745
142129 136179
137552 87007
99743 122694
153081 81732
11075 33684
94623 72514
736 28139
73821 60378
106583 138543
89133 157221
91766 188747
101550 103851
198616 158997
192805 143474
41079 122343
165191 117365
121777 118644
45858 1471
26545 106073
154830 170308
91015 32386
55132 148220
82322 36987
58445 13743
81286 194211
182057 135859
68905 170584
64645 14246
3898 70236
179701 28408
148470 47132
141085 116144
49530 120107
175118 6593
126937 128182
26917 2050
3193 199507
54573 179052
176550 81827
82604 19759
93714 55497
119380 60765
101333 91676
6033 116271
144298 67404
156650 155217
144571 73428
146414 126513
55875 121982
98045 168172
119031 115696
87608 23168
91197 146492
115827 82723
184051 129118
124580 140999
82695 76052
14407 1282
153295 46403
172706 137351
194173 87998
60309 38111
60381 106690
65573 53968
59781 34911
13028 160704
38821 111886
134402 11245
105521 94201
71068 188729
165061 108783
64781 10188
67194 86074
133779 39339
105482 15994
74621 56255
121040 154497
28454 117457
88961 76076
24275 122496
10340 47009
147228 123965
63141 157030
138477 188781
16117 134103
15642 27723
11446 73679
19718 69834
160052 39958
119170 28574
97746 34511
72840 86761
53066 6778
30305 55314
152726 7626
160401 196903
87680 74602
168736 183339
155968 2307
5779 83790
138697 27607
54937 96852
93690 163545
94612 164844
77519 8548
72223 141182
121774 110165
93811 14746
95273 102491
62253 143553
5484 138976
183365 138743
111078 142887
137367 196418
30557 97139
18156 58860
104360 158301
189499 38123
140916 79621
195129 174420
14841 127082
48817 154122
143739 64353
73728 141357
8784 168213
24095 11113
147860 169803
175610 14766
70910 117111
149338 176394
95550 30902
115818 191786
28521 53512
90405 16768
182204 177385
91444 179247
62019 50912
93869 40504
150280 152317
42131 56347
25546 95543
106972 101242
173955 72587
37090 133606
110281 67063
121010 180512
171355 49484
45381 120831
103099 154429
21813 4762
166132 23941
196365 138949
65042 150314
109999 76479
198727 181883
86466 169395
19354 39450
147096 197264
142538 160275
112572 27350
167883 58684
45915 197455
11853 36104
41393 194212
125100 101179
197439 160535
62604 85879
73670 171473
103368 43144
16538 26674
54629 199373
82495 170919
44523 38984
98684 136322
11804 48780
31414 62505
10117 106818
136827 175856
108883 72144
178240 80263
94060 123358
23372 88992
11477 127725
67759 144094
163157 110404
171666 190313
43787 42914
95658 20055
120393 137079
26629 190173
109755 44727
186942 4849
113850 85772
120150 9467
75270 192034
118531 185107
84689 147808
24210 70330
146426 18161
131783 133797
157076 149201
193078 131251
137828 1694
38003 185779
122238 112806
99882 95041
132131 113223
125920 23779
174912 139472
147855 137304
12971 105048
76860 187902
12675 34348
46453 58609
50014 15595
155418 155161
17369 50936
120984 98930
195082 39203
164009 41372
71553 105732
131872 142593
122366 33197
73624 44119
154813 141714
113895 29995
58056 69749
141155 76652
124471 15470
101922 57721
167805 9413
129755 125947
156708 127722
48652 105946
175696 160125
159011 35810
18392 129275
66641 80413
37513 3194
59677 89785
138450 135027
14301 114772
21962 94876
146257 64463
143493 65950
60458 45715
13339 182103
183454 172973
118807 78196
46832 128115
72006 142588
62270 176928
94366 91001
198908 87113
177821 109441
38267 68375
66155 196796
68628 141604
189340 135078
85956 23118
421 78394
149433 104547
65889 11474
22302 132162
177726 136774
26037 120708
7730 45235
134035 18251
192782 48220
114238 141194
91723 165169
125359 44438
37808 107101
72065 8057
110794 139212
80112 9775
156265 5414
15667 152599
181373 75009
34570 26417
3502 37835
22982 177543
178747 184686
43924 122355
185542 94067
93674 73747
137268 194486
9908 149650
101020 169782
140933 51369
169829 150136
107251 80178
130897 63366
189182 6741
172275 27219
158915 198803
5139 160406
68610 127649
43397 194493
107907 146613
43319 163707
161193 185351
58546 39014
90509 45016
134684 26167
62320 155474
2950 120641
72964 145275
158369 173814
23135 119765
154272 10974
121803 137027
27585 147532
16143 73112
75936 5840
34010 197922
75239 69611
191689 18705
79597 77800
23326 163912
16440 71389
51205 95798
43269 153322
49400 166641
146315 20840
62859 119724
56003 71863
185244 84630
66944 131279
82917 190140
50979 68359
5635 71313
6701 65065
199119 127278
147229 139633
18849 27342
76262 95807
19991 89199
63131 163475
58727 189329
199082 5809
139684 64796
34141 120433
115762 62661
196071 18762
98726 97727
120799 161058
187801 66729
105912 42972
74203 89816
198514 149506
31271 112661
179396 169633
122539 104134
61860 191123
21459 84854
138588 90923
106391 96880
35563 121575
168998 166476
145082 38900
192953 156134
113027 180510
79820 104834
62987 142679
184759 50436
168901 93374
18052 71278
20530 88958
6699 116027
107148 196469
23026 173094
155254 17621
77468 117836
146967 105587
45334 98846
141623 79776
87930 179262
131107 163543
29491 6589
84776 102825
151147 164880
30312 142661
108199 167213
47516 90237
47291 59283
158850 65937
126721 59110
164408 45345
78029 160922
137496 57260
79562 192940
8430 11116
139902 158998
76154 179515
31066 148633
10734 7060
93672 87541
139363 6599
83517 25081
68535 81832
168907 33620
27423 9243
80799 27360
168144 155473
112519 169632
10964 199288
110900 107924
82989 109116
192739 24074
181269 188019
144278 146501
65187 172217
157037 99088
86293 70086
148219 168127
3185 27460
147421 165515
51323 102790
54259 114116
37689 53291
12118 66223
72515 112513
112815 82081
183158 8501
98725 28923
130501 165710
128743 68873
113039 94249
6539 172925
87242 56377
193446 58547
80608 108641
112715 8978
119578 31360
192371 18994
198911 21508
57272 152177
96792 15387
78882 150726
107828 110098
105763 142298
71320 88731
195465 6134
113793 145136
81864 9178
20337 129985
220 167054
84208 28634
125329 102538
17267 58799
31123 1687
109565 158296
30331 103665
170185 28803
146793 24772
95517 252
167117 108985
167489 153960
158087 55653
16761 87687
136999 140131
65242 17893
192976 154031
67123 183322
117363 52233
198527 388
55874 186125
164605 70694
120777 182042
147390 107545
96806 159264
100098 17732
123333 12778
150305 80131
117025 11553
47411 53352
162001 184721
56672 30354
122430 50958
176091 49855
86307 14259
81326 119496
40448 130587
122091 195509
64804 15058
1631 153663
83699 30175
67156 167827
64463 54864
175535 180284
47525 123237
14384 105791
68156 170025
45522 1295
14251 179749
81248 185058
137959 102727
121455 172691
168504 135764
25898 125823
680 148383
111759 22980
69424 95905
151083 36261
4407 146465
68128 16274
98613 183494
21960 167689
80428 47435
123239 160990
196822 90087
102531 101275
106293 185514
110818 12741
52492 117578
76519 147465
139894 24747
16497 150674
158029 8119
149536 137017
92308 6077
43203 63870
112811 140573
165474 9427
2719 186720
199367 113141
194398 56994
108217 71836
21184 13639
168609 61947
74425 136103
189706 106421
118673 195388
6802 145549
5510 108861
46998 118174
44180 192877
88 104615
32291 130812
104049 195452
75282 94627
153894 77325
22200 1091
37381 170994
101248 162403
168368 151318
192937 183915
88469 126039
42592 172901
193977 117316
36630 92841
107594 30476
85865 192889
182482 191826
133291 134732
106012 4833
25163 139359
127462 145558
180874 910
155178 169319
141444 83487
129039 24247
26788 8404
162177 172712
143083 91708
111610 145340
83225 21592
190243 50528
137594 21255
32683 87561
79951 116911
109309 191893
2271 142165
75423 44895
142760 58297
83903 105700
142690 47622
130988 51442
152791 27489
77826 130394
27508 47650
137166 29486
126645 92823
67280 123513
16003 876
32643 129066
170596 83809
26869 42427
20768 188319
194339 132134
20979 198344
12966 128420
49847 184452
109537 97010
184226 119405
122188 110998
137343 11353
127816 153988
148176 66909
56529 75832
183842 84624
72202 130479
4566 84699
26660 164703
48194 166679
110691 152209
122384 7067
75543 40689
55902 69957
160318 154019
62843 84407
90535 187306
133287 55257
159831 185108
21661 136044
18841 77526
6608 111395
39552 122521
28324 6521
66821 50618
15810 120550
111010 136742
103634 81804
137739 124878
193329 37947
32467 64858
74952 42396
26750 66531
32116 106120
43120 46807
123877 83022
2774 57018
80330 29886
196201 33176
156396 56829
15685 43820
145824 199059
105178 57318
146551 126280
59972 128175
74708 49891
44740 162404
101429 146009
62659 145545
3778 27999
147866 75398
30727 184308
4173 120362
73923 106028
103349 58695
156141 20349
97958 69848
81635 41909
93161 52723
5752 149927
198068 40416
160863 54692
108993 120947
103291 153739
74604 37068
106625 104959
55590 49606
149615 35172
126342 9900
192698 117317
54586 96186
151512 118131
16730 66540
88801 125031
123502 83719
127273 162458
35571 1899
162448 147636
99035 5813
163410 3429
90409 177531
38072 170268
190331 31137
137951 196346
25870 91232
10314 56218
20450 181089
18217 21634
177045 150153
136369 110142
7954 115441
136136 39530
174374 86556
96069 169383
162223 138865
164575 82522
6352 40291
69745 135800
120935 123153
29414 69664
28805 183826
83790 114108
140150 100857
99362 175396
199562 171211
87572 41316
129498 20282
106208 194193
146757 93224
26922 187786
77298 147450
40900 178550
32374 79674
30586 105980
132685 188681
78240 142299
32365 29887
114579 190885
11239 60729
4455 199705
56650 160133
90634 114840
114176 45390
176201 61074
77285 35280
7398 21870
127253 54337
20843 133687
9570 62582
88777 69956
19215 131387
165523 98132
67916 161612
78898 70235
192374 177034
87009 187187
153394 62556
75520 131436
126280 59461
158996 49993
43826 135033
23425 38256
38343 182876
187608 18170
882 70379
62687 192956
33051 108874
123277 174760
6377 133584
26721 191478
11039 91220
157038 36998
58211 10489
185262 187636
52246 146720
48861 193463
179069 118359
47713 8455
12270 159374
133316 122430
2212 172853
98839 10028
131772 83334
131701 39616
140647 169063
117795 82679
36321 11308
43645 60315
29004 131498
170159 106340
19876 197244
172700 93103
37297 52706
108361 64881
161463 2944
170946 155968
8962 57758
144413 31931
163317 27322
78241 108610
142159 27404
191491 50944
66272 165913
16315 171259
169938 71848
170548 120746
102023 119972
153472 112037
48404 146658
8195 1652
89223 6852
122877 19182
185999 138347
693 45587
110681 180027
150432 189099
162471 159794
40097 147333
110484 185107
77589 117109
22522 169319
79264 43051
150527 173997
126118 100020
190882 124360
18223 100590
14826 111072
11882 34866
63776 6502
126116 112973
154870 29699
111023 161919
142096 31834
2574 157297
30293 53182
148209 64019
48710 186934
190096 119365
28719 20427
197131 160298
113202 70751
95093 50263
51832 145778
84512 99573
84555 172975
176080 186703
126447 175807
12127 142430
196778 73558
166892 169841
103306 127843
32681 27834
65770 13990
130596 178749
116254 54950
131202 11354
125733 102309
67328 14323
20988 184403
20539 13120
175257 132949
197689 189768
1238 41981
173231 5983
51707 9158
147056 26996
172735 151404
143847 191842
25995 195655
150367 19379
153853 3072
178216 137827
4851 102549
91706 148150
87621 146965
164548 115841
17325 85644
155888 114103
165876 148769
172777 52356
177920 18188
37854 403
75539 65243
110710 17203
122884 16909
1164 47301
11449 134335
125161 176850
11780 131399
65017 185616
100321 195866
31568 191130
185122 57825
67916 197789
45374 169929
109238 38362
167601 71412
89766 86799
67736 61740
111504 112790
164296 82446
128088 88273
190717 7409
62085 174376
102827 14882
132392 111000
171120 104246
40568 107839
48829 132990
166710 128349
133716 61692
169927 144698
58098 192061
659 2916
72978 64212
189118 52723
105902 180947
4678 19927
172295 156300
79552 196272
34492 119561
32190 10312
115513 185938
92805 168366
114844 168471
92384 63838
126640 140180
15185 14796
191372 120139
17241 177083
171503 59180
171112 36799
188570 49818
41963 96856
11063 110815
176228 110533
1417 53349
113428 126604
189717 54850
103055 78261
45189 23652
125391 156122
57976 183648
91135 2370
59169 153305
45248 194163
59636 93531
32816 64933
84626 128240
155371 102754
39954 178276
39525 71031
120615 90524
102575 40200
132532 87853
17153 77116
148775 150275
198554 149366
59563 87976
149162 29535
36640 92856
129852 22635
123670 94128
70798 30082
147209 54059
110678 17989
157832 107041
39832 126381
134780 48360
126608 63854
76691 24750
1873 120099
49971 136003
30162 106659
68828 44720
186660 132468
102394 13124
138876 78058
145662 25372
189360 7323
157465 181419
121309 611
35372 172866
2650 177195
61611 331
97772 187694
115517 159613
146422 7015
131258 142771
10895 121740
16422 90728
151947 135771
2799 175875
117755 175974
150940 105398
143721 124434
159036 133080
77236 12751
9904 65456
141529 13226
152491 24092
23847 185793
92375 48933
109267 104387
29163 191273
185489 149020
40285 43077
30807 93382
195399 13712
70077 150440
120586 147341
119041 38454
160073 170187
195777 145131
75199 194918
36819 74089
112082 64813
35174 198208
118529 120020
95724 34921
74443 72925
171720 16026
122003 8211
9741 103692
26027 129493
41528 24437
109271 17670
77263 128611
10602 99473
87696 41137
75971 8168
26024 13218
83021 45854
84278 175051
104393 112552
82136 175251
146002 97621
181442 53122
12545 101051
152260 196917
114544 105585
35354 171600
76827 110628
88333 61574
156724 100186
42040 35844
184260 163471
101228 136302
60810 151256
100528 83732
176840 12569
56665 53119
145893 82193
30133 540
139542 123416
49882 108848
180424 28861
42225 122638
107095 49478
186632 161680
130338 137280
15759 40268
172195 112557
116713 169491
38653 84137
32932 129153
1473 71912
191832 131244
194299 115926
135917 70954
88699 76229
99537 117134
147309 119930
68104 190939
103066 125168
4864 131231
18916 41545
195620 69788
176550 50880
87124 154536
148527 112682
170346 81887
103797 123577
60249 101152
179156 13592
124967 33310
174739 169970
29284 41047
34430 127900
149818 166852
151070 166102
120233 45319
95203 153472
112322 50233
71059 91162
74779 14132
125546 22096
187538 100911
183987 23008
38751 100416
53201 89021
139554 28402
82309 187939
3457 86390
145031 157702
67127 188915
142339 167117
37879 120944
15411 52071
106498 179606
140457 28016
117912 30144
63596 195029
185333 125493
122276 194816
8832 188849
12892 59097
126311 37351
89881 75460
33707 32499
170562 166205
30459 180179
129671 84433
151967 6494
77641 19666
121456 184631
144139 87670
167730 7205
53897 17409
181499 158629
148141 169619
158191 77846
70215 128674
121862 171214
147096 121042
30986 175291
77465 137270
188349 22490
161668 34288
114822 151346
176174 13338
166175 136043
160698 125547
93561 163525
86394 154765
129388 117940
61252 133636
74581 107732
17259 122493
178624 191235
190464 3934
3438 49947
144612 151012
135412 91372
13504 172867
187028 172229
97273 5573
12006 14994
60262 136162
169491 129600
37542 167334
5297 188795
2092 15891
13964 111882
158006 2565
193038 7791
46772 183942
20518 148865
106335 160088
65257 10006
67979 45070
11979 24931
100594 41792
110308 7678
22151 2209
6116 45225
187617 151488
126328 171136
2717 147983
82614 160995
115823 124212
20268 162096
121390 109328
139063 62929
131857 176212
178531 146762
151290 43650
117594 15754
89732 179952
143778 62849
104277 46040
74888 86914
162132 161048
65508 69390
76273 193295
9539 174919
157706 167320
164592 8530
89786 129327
18388 111817
86005 132687
187203 180961
179819 78694
54913 163829
157410 170179
30457 158723
48346 124386
71929 5606
29632 163747
49649 5825
6725 2560
140417 59233
163940 167860
186539 45228
195139 31403
13826 131491
180020 157414
4755 172042
23058 31973
50120 78691
141357 191316
56375 4520
117270 54985
85904 125194
116223 135342
178183 198564
126372 49806
52909 89387
194572 66215
180298 50461
140650 46117
128853 139318
187720 22360
5688 64665
132972 86742
110505 28394
178176 113971
176717 71232
159131 36855
174417 198265
133557 71060
97842 178032
162796 157416
27535 14217
31353 124904
4682 74445
50413 81447
185863 116625
92706 172852
42750 51332
140105 42765
18084 129085
191551 92157
26782 20539
58560 107750
49827 105685
108714 154290
65947 42603
155756 99794
176738 22375
157439 97674
18520 15532
33714 144174
118974 81014
155342 110906
118890 88479
190226 145241
12519 39199
108989 64205
50620 145230
178381 47267
495 170827
165956 174890
172145 142100
79858 10
61752 113376
183175 46442
55922 51534
189861 84771
120798 5101
82394 195826
28150 11965
124409 88905
162172 191763
140296 154864
143197 148230
23817 49602
87868 69526
124731 97795
110973 60219
78106 38991
110611 170471
91676 168004
15012 149837
29570 113609
75098 143080
46947 117741
143299 148820
160381 85683
78980 146710
2081 16185
152678 69822
18414 11745
130190 95836
188183 126046
81499 127923
107355 56278
33832 151156
171786 70661
88795 95864
16449 33716
63508 64562
162049 121311
30660 176360
141909 138495
54804 36823
163358 61307
150611 110701
178821 82941
62433 21290
186269 175079
93195 127568
174346 134558
33754 77197
103160 177069
106026 167900
176010 160686
25547 79458
71941 2312
128718 50258
89650 139951
104483 19706
43270 75510
177814 55918
143752 101968
58162 165633
159038 42549
44728 83443
182712 150530
125126 195799
50405 17443
134603 173036
179350 35131
64981 72858
175093 198248
73681 39316
104812 27795
171025 67075
15256 43890
55303 75058
83640 117751
132728 147493
51355 83074
193830 155366
160483 183471
172164 87546
23775 155172
121035 121416
187906 67288
182029 99053
176349 175987
164250 149741
191362 69916
67185 116357
131556 129643
163711 12489
117262 89986
19054 21952
2755 105377
135851 147739
47347 135811
104860 129653
125732 13758
43623 117549
140060 78690
96206 108919
16707 190992
61316 138830
11264 130838
193768 55585
94999 79934
191348 39408
79468 20409
158764 191585
43961 108548
89606 188750
17520 36342
141056 86830
70585 164088
15156 88502
12150 4406
186404 20289
138530 174691
158518 73297
25046 59023
179792 163231
3461 119905
118939 162475
157580 10076
31691 47988
174260 21199
35587 157761
50803 155748
166153 24830
194458 126120
58799 148436
90964 88305
173551 109574
106484 170421
74335 83058
23245 63528
104629 41950
64342 179055
57303 172694
15752 137907
61758 124044
5564 35875
136967 165836
174805 43255
52607 16518
138504 187744
162085 148273
29760 138944
40349 58331
153892 15836
153855 72737
28327 181331
99757 154805
61174 41253
73164 43134
4798 131915
155263 158888
50861 180050
30255 131602
711 154210
159831 149689
8983 101544
24359 133802
105143 20630
154339 63664
56849 64840
121099 92161
60130 33366
75305 150440
121911 106981
175139 17559
49194 83489
77634 116987
171833 24118
133153 109965
163590 148248
102488 94471
109027 10112
181978 7584
30703 108185
165077 70315
15724 147234
33216 12331
42356 107884
158718 186125
180981 189556
33882 139275
106550 5981
44210 126815
133963 65143
171460 105585
101116 175175
114968 104778
4118 188687
189189 170989
34228 191558
61940 83779
20840 18969
34520 73260
64095 129960
115198 164103
29675 197090
190065 29036
163040 102923
70708 189959
69077 35580
110156 123989
112624 94549
103529 121714
5610 138917
144891 40617
115634 91689
116773 75341
168123 46416
135728 77998
188981 21169
111755 68560
63750 172097
178434 13123
60357 177345
86591 45822
160871 13075
116474 144166
189584 103844
198293 55645
194058 48863
51332 156342
92133 91262
99347 131708
174443 72734
83386 107783
175189 190408
92396 154455
100025 55379
192208 43610
102682 97154
118722 96452
41861 9597
91640 27735
149275 193025
3341 58784
181778 142598
179766 112715
89125 194711
46151 28769
20778 108748
90843 101320
172881 98700
29026 36973
78064 182216
189055 93009
89810 182406
101796 84744
16443 164986
76916 17639
145497 60004
23664 98390
49751 36257
134758 146970
145500 95626
116771 169945
167089 133893
58911 147449
49718 52115
73582 178700
113884 54845
25963 132415
90829 121940
160309 69104
58570 131436
1018 173838
63745 161697
154162 73182
164872 1290
148264 160071
45775 199134
185885 62302
96001 152334
37068 164781
172035 144669
109060 21966
76501 169530
55024 132235
106004 136877
148134 155538
97833 157949
106356 99380
180256 131922
153725 111105
10542 60156
7277 97299
81894 113933
186993 142610
135252 86198
81472 45433
21545 32331
123545 3969
177511 166467
66297 63973
97353 161117
20807 142384
195621 80223
79020 42441
26463 21793
139756 61766
33936 161723
179504 77917
3103 14813
58341 137617
178213 65465
129936 134132
99773 86577
42083 93018
20992 198908
93477 155246
47810 40079
87274 12775
83116 76845
93950 102642
35890 162727
20883 186839
117854 119419
114915 72225
82449 50309
37590 1413
51039 143935
173072 54760
34553 166253
113756 118827
112811 129692
138538 113063
9810 123042
171642 34207
64833 155444
169893 22412
4265 1605
56502 18984
172197 85954
21293 163586
95138 40971
176672 67031
39782 106374
65240 127950
91947 24577
87361 132592
198182 35500
192479 20352
88765 166816
197649 8284
168649 9742
99178 110835
44663 158111
45506 116693
195123 26536
163001 123596
141685 159736
51628 71424
23758 139039
90401 195435
199799 194536
62258 106897
15205 114685
23891 186226
10412 81277
4136 120918
140455 22312
111407 165075
178030 26186
183423 21643
183671 135401
163520 189377
102844 85559
151229 45839
121099 30000
60788 66348
189321 67036
39964 65098
50095 166047
102716 169787
75222 172523
196934 100135
138909 51031
8182 98297
85120 152077
188436 141137
167978 17547
70477 4844
1619 151233
154780 1072
184016 17886
187693 99250
15577 57547
185179 83679
18453 150336
113314 114712
129086 121439
98161 16060
128153 115347
135181 41290
171428 48417
112275 138956
113520 168036
177011 149895
128932 64665
23962 65318
39665 35281
35980 60138
5831 101637
76366 136012
33814 168670
145435 43914
60037 82398
11624 94917
77701 182753
56362 82946
88340 165489
80958 152258
63814 150907
115975 61221
81726 87271
111937 33164
152842 108569
172189 80968
11033 111124
177427 9158
4417 84790
18207 19374
58091 155790
30689 188428
76988 107642
93940 99187
39970 68965
25934 12944
109755 24606
115294 109809
115033 128153
112240 199500
9611 58503
6886 103411
31839 37721
52050 152526
145899 115320
166431 92481
132728 69041
124836 46781
131805 165862
182548 360
184507 135405
100279 107027
44768 162855
36432 107026
109305 8092
141854 177702
28295 31746
5537 194550
16380 152722
46401 75341
1025 21325
108078 132378
158344 172064
111449 26457
176833 105457
137083 161627
74264 180319
104132 176948
161841 43875
90585 94764
114951 118329
172278 178391
180143 173419
61354 6452
189982 194483
186639 146090
147486 9622
30449 102620
99985 74513
136107 197551
58939 21352
26052 131822
107739 43689
25885 71727
44063 170527
61816 40295
40267 180925
69193 7402
175044 123886
187769 123576
188138 157198
51105 78559
132572 44856
181547 93416
9603 189648
135313 68239
97761 24248
33617 103797
44369 104577
58787 23991
183522 199319
47280 44987
85916 154011
21434 48264
119678 81981
145211 32341
20484 128443
55748 19371
62152 112091
165607 158736
59484 40408
21561 49061
169229 109094
161135 199248
168661 182694
70905 134557
178975 142491
194330 167477
100358 75291
16267 82897
40372 179344
99516 12948
19793 68846
52006 120739
165717 162354
19196 189614
123006 177852
132526 199878
54131 186222
16950 161264
31113 43165
22590 81079
35867 55400
91009 69158
64318 98102
32215 31536
78129 1085
100626 50399
187391 8635
157233 106655
90361 61746
111105 8850
116691 50587
108235 197929
62905 24992
29552 33148
37728 15795
72741 103784
172144 9777
67336 122716
12119 21132
196269 58931
39918 121838
149512 22607
9388 15856
169625 132057
46752 60984
83042 80616
5430 8826
191032 146033
60649 19219
124116 21868
92753 180703
114956 79397
112542 115033
32171 91005
95299 118538
167863 32961
65938 196274
55629 197730
41433 8289
154329 162335
49146 145988
99223 83187
148624 73990
83458 58417
108635 34099
10788 50662
46517 38200
17836 140717
116911 116495
133044 153880
166309 115497
10718 116770
130895 154192
12265 104872
196708 68022
111269 90041
104990 101089
97833 159186
26062 97325
159962 101635
43789 91347
107462 5017
111384 151749
12472 46402
23535 183357
198822 144830
25503 39344
115853 27022
87900 117553
22684 13701
82957 29553
193700 126435
141621 96767
99347 107603
75379 179206
140079 73852
129653 112592
167166 164313
142812 123357
44087 54819
57934 83493
90932 26464
151734 140557
165577 92534
1542 163979
69235 132560
42741 81994
172052 198880
52409 27367
172131 60052
75039 109972
163422 149586
196440 9653
59120 84759
54689 128428
12858 195986
53867 166431
6237 104759
39210 131754
66768 28408
82090 26605
100300 140389
121171 100339
186013 96198
156429 143954
24300 161066
3719 133088
60489 87765
179800 189584
179374 109940
159319 125027
165305 118423
157801 141174
1591 155783
117969 114701
154844 196798
171770 33676
133256 141542
48718 123648
197133 163276
55812 80789
20442 162997
163163 114937
119352 110358
178066 193488
98829 7681
102408 194558
41696 130175
146646 94825
47687 123822
179715 89221
193250 193618
92784 12296
137505 64384
134833 197838
72505 80724
122590 94022
170313 57839
98134 198737
12774 111922
68010 104995
84306 115753
109386 129643
26588 132703
144558 117950
9696 50380
179327 84475
188276 135555
73783 73417
194292 118519
157868 40726
86026 104633
117148 99512
84579 39884
25865 3049
139298 8859
32001 15794
118079 191137
91531 35362
158484 40034
32044 117137
111121 139358
68732 93795
70119 89418
13369 1721
123775 109468
140381 113291
110458 87333
182985 91830
166705 74904
166210 109222
72000 149743
162445 124045
29450 182318
22293 31464
34666 57317
45572 185760
110773 27505
191829 77125
86204 137664
145569 25165
74161 38363
136351 162872
69923 187643
195524 63452
117715 114149
104044 129358
156691 164311
96462 14185
77186 164476
98740 120211
57815 145284
136644 7376
16334 120104
63227 82624
144680 3763
50110 122400
37403 83226
186411 17164
154933 190827
35351 180879
199801 166863
57225 168935
113193 188013
5471 192103
191332 158964
49036 107297
146444 155316
171503 142329
149649 73648
78654 145237
123054 33723
91508 189601
140865 176884
43233 120785
61540 166733
58709 5402
118797 163958
77717 134775
164317 180565
153723 145095
60717 24850
114890 183946
189218 157254
127946 10601
14506 16861
19343 182377
194378 130001
164012 107650
163701 43692
22686 155827
126668 9013
20721 118612
113806 180597
32977 126536
105151 151405
183865 135289
48854 40859
70551 78454
113943 90733
74381 191528
149745 174186
34726 52209
1473 91858
174369 196534
40228 4052
91855 149797
19877 181322
45066 106200
193909 60783
11685 104574
183097 118319
26141 123150
165002 68559
149675 23131
68560 36198
49809 40077
164706 29567
143395 199900
1042 128680
192650 131071
190878 39132
192008 82750
104357 110774
35119 55831
184030 103045
147188 161413
191821 110086
66308 195869
18386 55679
153640 99990
142370 108222
49436 1243
42812 133063
89602 41844
14174 111959
90665 34173
12993 66219
123494 17868
20056 121182
82596 181900
58253 168116
106033 37308
173596 81892
37868 13290
23612 44717
64565 149968
63951 185630
25891 100969
170595 103815
146627 136818
135738 100311
38893 5859
13820 94224
42250 20246
197667 13327
36910 100083
10846 181784
32172 43129
105373 40275
195652 148359
145664 54031
158623 147846
72716 102543
120209 40325
162268 7561
134485 175909
116444 147755
67068 141848
130460 70629
36733 18824
7507 123445
181718 85778
156282 61381
131816 115559
162380 170977
13971 147240
60636 21866
13621 163330
78604 85302
158874 167850
31316 32253
166173 174735
129220 89120
48307 192650
198773 14003
184073 13449
59311 79360
183187 130165
5000 176357
63621 141157
63346 196567
126462 172440
80866 116131
63350 108140
105934 183753
172343 148717
106386 3077
198389 127363
134868 38407
66866 123457
10777 94875
182010 142326
55233 20852
20833 87292
138319 129136
148613 139619
145442 140335
87309 40
124672 48299
104431 92761
35988 61999
115761 137412
38792 24083
93844 154108
40022 112819
2760 92441
17590 170697
100811 89841
32294 47143
56014 97612
161894 53682
127980 17593
192889 112719
57702 8547
123599 56235
102398 31023
160487 190175
195902 67016
10259 174391
14004 131957
8647 62872
89256 91320
26035 190815
152536 156534
138165 115410
63264 21703
137406 12582
64581 53101
90460 80603
133523 23793
21574 70568
137554 99198
58021 56751
169304 171237
134056 124147
129056 46102
140081 101459
160194 190519
37071 100541
2696 153594
124564 181026
177988 45967
146436 172663
128773 56198
36711 164428
56246 54909
52954 10737
58980 141552
161989 107797
104127 146964
91165 15611
155302 181507
199278 60701
91035 124028
160880 62132
165864 13494
94655 133361
124869 138201
26873 132918
55258 160190
110986 113212
193732 54688
124003 8188
128242 182720
141349 11967
173588 16263
112409 179280
110863 121167
25690 147573
86314 168485
107716 146597
33919 160689
141570 97562
144740 163860
24900 41463
388 18908
65435 98957
58245 25300
166659 90872
146677 40770
69480 182480
139279 129140
44406 184183
82323 2983
150367 93612
6860 152120
27144 22260
23355 173798
82219 116753
184220 149634
8749 52000
9049 94241
53392 192108
44383 130726
66544 44913
143018 197753
192766 158041
138729 94810
14176 133496
148287 20287
65707 147695
117833 111160
121802 151029
114170 13241
60321 123975
94965 76346
70095 168208
154612 155229
13150 73389
7605 113387
85657 40236
185259 137549
161083 11085
180407 67655
87954 81114
40975 121574
64109 152716
101805 107774
68317 61899
56151 183361
56159 106393
124669 5268
32966 57008
21473 139721
33921 151969
155633 123228
39150 149654
37401 69773
61444 81597
10203 100402
149568 63282
18510 30094
124584 81113
119062 141245
31111 179179
13071 91820
189656 4292
118064 31693
1297 51382
137692 85036
152449 99457
104618 136996
98617 61170
163820 88432
68240 127891
134705 11556
167150 25877
112168 83284
82707 142093
9444 160924
165018 135382
199478 72153
19190 29994
191589 184877
111106 102301
120328 66183
183065 74297
89404 99559
39231 6048
67416 176666
110628 62712
29312 23740
99752 126829
133733 137828
88079 81291
14722 143566
92739 146051
4798 34005
151545 62369
36109 134678
16378 107370
121455 150096
132969 493
62090 190488
83653 91139
8952 106477
31206 4488
170715 11576
27804 159046
46380 112626
183200 117717
114941 113881
193024 20560
91012 69571
82361 43805
18113 106889
160488 43659
35080 18874
195069 2949
95073 181445
35305 190797
199851 94157
71717 124165
81520 125461
54488 171370
180459 406
157112 116140
113502 74900
101648 197960
47663 90175
150965 86936
169774 79450
196772 83024
138145 11474
81573 157655
1141 53811
108329 11699
183010 130234
58529 171118
140996 188295
32327 124672
84360 28709
199494 61734
136207 125057
185773 146154
123914 14696
84893 154056
89299 88955
64203 90879
24581 61886
8555 61379
59674 32014
100321 131374
117889 32850
120144 93055
139434 64228
101041 21192
108664 38259
40827 5708
129622 155365
85582 21562
14433 190477
135098 18571
49939 77739
174331 166684
164927 102542
19218 181175
79896 33355
185716 141965
151448 123619
105558 187637
1843 96755
185884 107502
112714 116979
86360 43352
49939 182700
55424 60959
109457 46722
164881 14661
113384 195622
803 53898
172661 49333
173739 62302
87588 46323
89352 98936
81109 150815
116074 112438
135961 45007
132542 107263
57019 86393
14859 34121
89729 199042
133001 66012
126132 44994
170152 68243
174714 177785
82277 105503
91046 104120
107504 106255
36076 133560
78937 159198
54860 146493
109647 190863
123839 175305
47497 17689
156428 199760
171755 199830
21151 7305
149615 72584
3350 100062
86367 109231
128610 98643
101524 32723
98653 153760
65360 186457
174396 88398
124252 29359
107330 133987
54145 94307
169912 181827
155518 149368
170961 43091
190937 158915
5366 37794
3661 127075
113966 140349
86454 182599
181757 86081
2588 176210
107484 119868
119393 23307
175133 39647
12310 7725
126331 92148
181499 97456
113516 189
```
Your Output:
```
0

```
Expected Output:
```
-1

```
Error Analysis: Line 1: Got '0', Expected '-1'

### Your Task
Fix the C++ code to pass ALL test cases (including hidden ones).

### Critical Guidelines
1. Focus on algorithmic correctness - NO hard-coded values or special cases
2. Ensure proper data structures and complexity (aim for O(N log N) or better when possible)
3. Handle edge cases (empty input, single elements, max constraints)
4. Use standard C++20 features; avoid non-portable code

### Output Format
Provide ONLY the complete fixed C++ code in a single ```cpp block.
