-961143990
2135390928
2027303283
-1111779550
-2085556487
1065514460
-1461150335
-1492490411
-176007640
1260042024
-1071784558
1717813221
1393150996
710360133
-504730513
-1282791835
807249
-1514149163
-1444906326
-978045129
449087292
302909958
-438666758
841322599
-1083561392
1407826415
102100976
1795690681
-1700079673
-620374865
-269337639
138202571
-1253563522
434976304
1618591890
1430273576
120242841
-1676633221
866118073
2049312660
-2029061882
1918159401
-1551192998
477477631
981192271
-1241323729
-999171173
-1151374955
-1351458490
2126524120
-153755783
1697881202
-2070940246
1781979653
-571463006
222954837
-255419213
-1388209226
-999190254
1601758831
-965257542
-1755512455
-286693325
1436249857
-509571192
-571107827
337551763
685137980
-1947571608
-1693215937
-1594684435
1751308035
1496999906
1448297864
-641291422
1693547095
954519480
-1958015968
44657832
-520907266
-1958246361
1602614010
1755338456
-1060437349
-1582622022
-1546029983
-1326056967
-1950641610
1503966488
-1875146474
1994263731
-2092879546
-1357184466
-1655688058
361608566
-781870266
-2027784361
38911391
1225541610
756550306
-1271781385
-959408834
-1059356769
-1383301094
-258203034
121359206
1122965806
-203483464
-732748213
491582521
-2099947118
-845749372
-104194960
-790222037
1768103237
-548016349
-1757860629
2098348850
1923770692
-1453104688
-1795048168
1360287208
-1016760315
1943022125
-619032660
267385553
-2006185045
-395130588
-1447668656
-119151697
1279240937
884880900
241273971
1444679060
-1206375839
1394829627
-1552853673
1599682160
578702927
156377052
-95438404
1478558733
-2044109246
-383934026
-1828643893
-811261411
347208
-139489602
1123942843
1132211006
-1589156031
-1097868583
-1278751020
-874731883
100529799
1898918871
-235627938
1539765132
1178249734
-852297223
275873780
-756561676
-1680416301
-2021136053
-1488286787
1542310422
-1057084349
761761863
-1662024024
1178083208
1078763426
-1620173309
-333557298
-1539062152
1160504297
1259303652
389129254
177544487
1860636544
-1551588668
-147723436
-795280108
-1272319383
42915795
1769207876
-2031078748
-1671582060
-1859830809
-501563537
-239914234
295107756
-99449259
-257276727
-1126754150
-1043730782
-1860909490
-1603975282
1872586683
527344122
-2066465030
1672709980
1105153944
-1015425910
1460615581
-443398850
2106574016
11965652
-534435526
35713763
-1195504840
1426085078
-124002969
-1125791194
1373272457
599749534
1204795262
-773365280
-1727376176
1783020397
1099584293
-200916129
-1869977879
1501195486
-1715472659
-446182908
-1468726252
-1848436213
-66774201
-685687340
-448140737
-1984204139
1314633363
-460126827
518632987
1765694749
-316250528
-480558715
-55033442
969123587
1490143052
871810653
1749906728
-727370808
101440252
-24651509
1253894459
-1260317122
-1409518696
647000277
2012678516
277184023
-245139084
-234543734
-1791149752
-334238125
805415994
905911552
380841156
-2063323114
-125943733
-1289785051
238045843
2051051767
-840777999
-1628352948
1934813367
-1775135500
274937589
-1244490861
61400853
-2084647783
1988234017
-1464371077
-1813739003
-791363039
1233314482
1851314494
-1881237643
-586458707
-422207514
1689581094
-1370868934
1116344533
126369129
-1850981227
1370733891
-1795288096
-161609828
891552213
373137713
-204955708
-1237046971
-1741898805
-758575063
1115479235
1210532530
698289579
-2086774387
-1915572547
1156049142
-1110898810
1493547512
1975113245
-1358174147
-659732260
-1820713730
1955252907
1893828225
115475603
101811956
750242370
1271936616
1908435664
583016834
-1831856443
-513743694
1052144466
588457275
-63361786
-2077666594
1432735450
-598121887
-1742713550
-2035567466
-1112969553
-1573455450
494440118
-130811636
-882800144
-1934903422
-1979667624
793659694
-1540406366
-996037187
-102548758
570857491
712090558
688537297
-644052177
-804575847
1814199028
-1467295483
1495624564
-197397216
-1802135221
-265952426
341276581
-1454590663
105089109
-1411814254
-947599384
-1144501349
174997702
-844148144
1844323579
-926121486
-1852874019
543588903
-535701801
-282264163
-881731808
-784763859
1089327593
-1130189331
-57485898
1644065604
242581730
-2107697961
-1953433433
-534230829
1725232161
-1392924726
-2106259467
-1089585024
-893033569
1173897540
152064460
-1010120379
-707190953
-908379432
177539371
-1182382780
-346860562
115910716
1114592824
-1868387107
-833533344
-1589143571
-1836363169
1287858175
-863865744
-731477966
156959743
553041494
145881889
-961900794
-375972039
-1038715913
1268145799
1864027718
2143847119
-1754656791
81082646
-460782561
-517453260
-483887102
2059190004
442556907
-1756987879
-1481826272
1124690017
-1463860966
473997115
-1191387019
-907054084
310213049
-2046070795
682602802
-1474441437
1850441016
-661214101
498741285
803058044
-1139715007
769122445
1932646234
1458063020
-1920760969
-1638815119
1778316799
-784476528
-732560421
2039274374
170652381
-1359555579
-252764250
2022892327
-1438965791
2005128562
196463136
-1113653650
-1712210528
1226446132
1195558834
538766349
1912350813
1062743290
-648616717
969043073
15954675
-1331636113
1292593470
-1598928845
654747298
1877720490
-1303817836
-1384136536
980026353
1413825443
1042615704
1402628885
603330190
-294932610
1381643601
-1451433953
1001995560
-2094265759
1752632155
-1599533304
-810604566
1618497011
-582920184
-1806553374
1025509130
-417903619
30397283
-1513106651
-1663557353
1053915807
855981847
-744833506
-941878296
-1943060567
780178544
1842106102
-685043214
331230953
678371153
-786665008
-1535237640
1655500355
-119970966
-1403284077
1521641651
580535334
675488958
2025193164
-1981152171
679040883
-1630088511
-104224431
-1096891113
-1314654139
177926638
-1644704043
-840042078
585189595
-489689647
-1202352116
-993652842
1653304672
855799655
1201223505
-1387433562
567040749
1764209900
140038710
714523889
94045474
1132866946
171453913
-1001635005
1264702337
-1560744828
-2077264905
-100437919
-1637496254
1784508490
-1815905008
1473905644
412468233
-339240287
-2019466598
402507124
841260411
-1257805558
-357844805
-1785566679
1828771733
1386750643
-1415083354
-1489758577
1201199263
1790400207
-934271225
842467509
-388033319
261555966
110367680
-1681215014
-839751708
1167845513
1889818246
418580002
69746176
1184272679
-1058363819
-276147717
649912381
-1838446154
-741854853
-1703126654
-685171941
1334936785
1602883596
2061212882
664544913
1195484659
1735326387
2088389940
211936083
-1877607787
2014646303
1239723545
166130728
1850300212
631234972
-1307884453
2013470150
-2032258733
-215296793
-95239428
332296588
756356339
1857832680
-1800444591
-1173167159
333152812
-1394213138
568685388
1454028424
1929117100
-1715887296
-1075753872
786497114
-258605634
-354595343
977269801
-1651938555
1458436737
-1326459685
-792207948
948331068
-1296941088
-1012062322
-362379910
-1854714652
749094732
1784170542
1982755990
1969388274
-1050761130
1143181635
-271281107
1419272643
-278707094
-1455433612
1433353064
1053455477
-925540496
241588100
688223496
29623479
-824618781
-1938740959
-2028999740
-181279709
-541236741
-1389109525
551809702
546652354
1762315692
515416937
-799362985
-228894427
1645784545
2106773337
-670571463
-1792743598
-643822962
994714340
-803654494
1018116564
-1971668342
1383916208
468414761
-1816647176
-979401622
-2004809330
-1607499789
1394798594
-1640167860
1146346510
-441883556
2146458026
682598403
1527282204
-1073055498
-1704008389
-238990204
1710700599
1235300624
581068892
-895764740
-448639997
-1991284371
1351352355
-1033520732
-1239748986
862571177
729094792
-1169563196
-414601761
972366592
1113095902
-295213661
1636856364
407843205
-887830019
-171861499
-1355318883
-1661349422
1076731118
-1728536524
1226860268
2076440391
489043674
452846288
-1856665946
-1915882313
1339144333
-232233408
-2137828291
-1502630211
-1477315390
-1593133575
1195099877
735898833
1320053000
-1440277679
-1272831599
193405803
1799750779
17061032
-179181288
-171598737
1670419749
-1766863932
1883927742
-1652238287
-538474866
2046314787
-1513661931
446564002
-297717394
1381601808
1932246984
-299465307
406172735
1918410913
-995823792
283847030
2010440549
1090171729
2006296601
719728132
-1930850236
-960726389
1421924334
1310900942
-1925466632
1010469125
721782867
-1728365199
1295918542
656201141
-1686250306
-1155426388
1117162511
-1254423953
-2105022