### Problem Description
Score : 475 points

### Problem Statement

You are given sequences of length N: A = (A\_1, A\_2, \dots, A\_N) and B = (B\_1, B\_2, \dots, B\_N).  
Let S be a subset of \lbrace1, 2, \dots, N\rbrace of size K.
Here, find the minimum possible value of the following expression:

\displaystyle \left(\max\_{i \in S} A\_i\right) \times \left(\sum\_{i \in S} B\_i\right).

You are given T test cases; solve each of them.

### Constraints

* 1 \leq T \leq 2 \times 10^5
* 1 \leq K \leq N \leq 2 \times 10^5
* 1 \leq A\_i, B\_i \leq 10^6
* The sum of N over all test cases is at most 2 \times 10^5.
* All input values are integers.

---

### Input

The input is given from Standard Input in the following format. Here, \mathrm{case}\_i denotes the i-th test case.

```
T
\mathrm{case}_1
\mathrm{case}_2
\vdots
\mathrm{case}_T

```

Each test case is given in the following format:

```
N K
A_1 A_2 \dots A_N
B_1 B_2 \dots B_N

```

### Output

Print T lines. The i-th line should contain the answer for the i-th test case.

---

### Your Incorrect Code
```cpp
#include <bits/stdc++.h>
#define int long long
#define f first
#define s second
using namespace std;
signed main() {
	int t; cin >> t;
	while(t--) {
		int n, k; cin >> n >> k;
		vector<pair<int,int>> v(n);
		for(int i=0;i<n;i++) cin >> v[i].f; for(int i=0;i<n;i++) cin >> v[i].s;
		sort(begin(v),end(v));
		priority_queue<int> q; int x = 0;
		for(int i=0;i<k-1;i++) {q.push(v[i].s); x += v[i].s;}
		int ans = 1e18;
		for(int i=k-1;i<n;i++) {
			ans = min(ans, (x+v[i].s)*v[i].f);
			if(q.empty()) {x += v[i].s; q.push(v[i].s);}
			else if(q.top() > v[i].s) {
				x += v[i].s-q.top();
				q.pop(); q.push(v[i].s); 
			}
		}
		cout << ans << '\n';
	}
}
```

### Failing Case
Input:
```
100000
2 1
2962 1487
388685 168098
2 1
262116 169415
8363 11564
2 1
39471 238973
35 9
2 2
1 1
106318 17968
2 2
51 14
51649 45479
2 1
482844 80280
2 1
2 2
1 1
449 31
2 1
729 506
440 145
2 1
47334 186153
198682 257641
2 1
14 53
3994 3957
2 1
147374 197774
14 1
2 2
99270 34605
29750 97157
2 1
103 69
10087 12765
2 2
2905 31850
17578 30903
2 1
129847 57863
24 16
2 1
4 4
341 215
2 1
1 12
2 1
2 2
272 41
15943 3291
2 2
533 1607
5810 1790
2 2
2 2
6674 7863
2 1
349272 287235
29 15
2 1
109 68
2 4
2 1
3 5
209 117
2 1
3939 26422
336 41
2 1
5917 10654
6541 6708
2 1
908 31
1 1
2 1
3 2
1 1
2 1
1 1
339 709
2 1
1 1
1 1
2 2
250 226
13218 13280
2 1
7099 286
31 39
2 2
182079 41878
216716 36832
2 1
15586 2166
255305 210315
2 1
1 1
770 923
2 2
1838 1924
86 91
2 1
622 1589
7 3
2 1
1 4
568 121
2 1
267213 415393
7714 1112
2 2
6820 3588
1020 820
2 2
1 16
1 11
2 1
383 103
360 7608
2 2
4 2
3 1
2 2
73814 61801
27 819
2 1
121699 56720
51443 67076
2 2
5 5
72562 115663
2 2
57485 116976
11 3
2 1
16 28
114473 14211
2 2
1 20
1 1
2 2
11 7
358502 55993
2 2
1 48
2 2
2 2
6 10
416452 188104
2 2
8 7
105 8
2 1
247760 105244
5660 7786
2 1
1387 1797
774 553
2 2
1 2
440 351
2 1
1 29
1 3
2 1
1815 3980
1 1
2 1
10142 30567
3 693
2 2
464808 40304
8 1
2 1
901 607
4 4
2 1
39 69
3395 748
2 1
5 3
1105 3094
2 1
159196 167143
11 32
2 1
1742 6161
8 38
2 1
5 5
40434 35597
2 2
59338 107022
1 1
2 2
339 420
1 1
2 1
722 666
16 8
2 2
1 1
233 28
2 2
746 1245
123125 89581
2 2
11 15
4 8
2 1
263403 324818
1 1
2 1
6 15
588 1099
2 1
201 226
40078 40489
2 2
22992 7628
127136 111267
2 2
69 115
196694 360225
2 2
3482 7136
4 1
2 1
2 4
350 70
2 1
1841 325
164 73
2 1
371 247
1 1
2 1
370633 82721
118177 115321
2 1
6717 1447
3678 2350
2 2
1458 355
7 2
2 2
346 323
581 410
2 2
18 40
64 42
2 2
9844 14381
369 239
2 2
11 14
94 8
2 1
1 1
2 7
2 1
10721 22354
3 3
2 1
10589 65084
794 262
2 1
964 1605
61 58
2 2
393401 368449
151 8
2 1
196007 165157
13 50
2 1
38 38
5 7
2 2
499 7235
2945 2068
2 1
43 4
9 15
2 2
1295 1178
11618 29502
2 2
63956 126558
2 4
2 1
23607 20474
10 20
2 2
26 30
1 1
2 1
16070 1054
205 90
2 2
120 50
2847 65208
2 1
65086 133625
15320 8023
2 2
121 65
120 379
2 2
432 240
186 113
2 2
1 1
4 37
2 1
25329 27094
32343 67339
2 2
2038 424
197 77
2 1
40 187
8115 3362
2 1
1 2
32230 35757
2 2
165775 83307
7038 5520
2 2
1103 3483
59443 8327
2 1
40140 19215
24091 91823
2 2
9497 9138
8 8
2 1
13 4
381 473
2 1
114 84
1 26
2 1
5 9
2066 4070
2 1
62 17
11139 6291
2 1
74 78
49170 25948
2 2
83693 30047
96 205
2 1
1 1
7 8
2 2
493959 484049
1 1
2 2
4 2
11714 11165
2 2
35648 27804
95 13
2 1
25 45
3 7
2 2
807 1947
220493 168796
2 1
2281 5391
3 10
2 2
20 6
3 88
2 2
227 132
71251 92950
2 1
14 2
688 1552
2 2
35 30
267 5469
2 2
21 2017
262 197
2 2
4 3
154442 41251
2 2
471 288
30 1
2 1
91411 46119
36 5
2 2
1151 3361
612 797
2 2
1857 10458
133 37
2 1
7337 6
75178 133155
2 1
9 189
27 56
2 2
5014 8157
421 22131
2 1
16854 79403
8681 29720
2 2
2636 62
3187 1033
2 2
358 119
4169 952
2 1
122 34
59 425
2 1
3 7
945 822
2 2
240 38
44 19
2 1
6944 3848
32 16
2 2
81 63
697 150
2 1
119 127
8 5
2 2
3704 3094
251652 318667
2 1
1 53
323 1861
2 2
30 20
15 122
2 1
1988 15375
127 1892
2 1
47321 37228
1 1
2 2
8152 3153
3 3
2 2
4 1
18 44
2 2
1891 1719
2022 762
2 1
3 2
27259 12579
2 2
7 4
2 1
2 2
78264 14004
147 434
2 2
46144 56211
7169 33495
2 2
27794 1076
50176 57556
2 2
138 262
8981 6601
2 1
402279 375052
104 227
2 2
2 17
4 3
2 2
28433 6986
3216 152
2 2
6 7
972 85
2 2
2 4
18124 14917
2 2
1655 1518
1 1
2 2
1 1
2099 29438
2 2
64450 57428
115 289
2 1
3153 12870
462 369
2 1
1944 4481
1 7
2 2
2 3
3777 3830
2 1
137552 20113
713 467
2 2
6 3
2 2
2 1
33295 78282
258 19517
2 2
119 113
1 1
2 2
1 1
55607 36861
2 1
899 7
2 3
2 1
4 3
2 2
2 2
235 135
1 1
2 2
48 88
4 7
2 2
465029 300671
4068 3929
2 2
326 185
1111 3803
2 2
28307 26602
18344 25678
2 2
468576 56258
37 13523
2 1
82 148
214 196
2 2
4 5
3 8
2 1
4 4
49950 61005
2 2
11 5
314229 249951
2 1
232333 30371
480 165
2 1
1 1
399 268
2 2
5 3
52 23
2 1
19 1
1 1
2 1
58 33
923 2496
2 2
65925 113524
1 1
2 1
5 8
57 39
2 2
268871 252156
6488 144032
2 1
31797 236442
1 8
2 2
63479 55260
16 2
2 2
52818 8039
1 1
2 2
23 255
4 7
2 1
2 4
1 2
2 2
239386 181538
7 9
2 2
2 2
1 1
2 1
2 2
3022 83977
2 1
1 3
3 4
2 2
1 1
2812 2214
2 1
2 1
26286 27838
2 2
1 1
1 2
2 1
103161 207070
1 1
2 1
4 3
7832 5611
2 2
11 12
116680 212541
2 1
41 226
29486 22390
2 2
51513 1673
10 10
2 2
709 1011
259 1075
2 1
17 11
2 1
2 2
99 135
61 34
2 1
4174 3198
46 64
2 1
13 12
3557 2055
2 1
2025 227
529 70
2 1
313056 243742
165 10835
2 1
249 263
178 162
2 1
11 15
1 1
2 2
1 26
13 6
2 1
1176 19275
4 4
2 2
223 5622
16621 50159
2 1
59 2
333687 180115
2 2
88 123
1127 618
2 1
301 864
34 66
2 1
3 1
8039 120028
2 2
5486 945
401 324
2 2
22554 51560
9 4
2 1
2 6
940 600
2 1
41 49
21040 14008
2 2
24 2
4 3
2 1
1 2
1 1
2 2
5208 5808
31915 13375
2 2
130802 47546
94 73
2 2
1316 2761
4406 2473
2 1
14 37
259543 75187
2 2
1 1
294 433
2 2
4 4
1 8
2 1
15826 21751
91110 101322
2 1
22549 139245
27 51
2 2
91 112
98522 54671
2 2
1887 1135
104525 213763
2 1
3874 2402
3311 36084
2 1
237077 69245
23824 238148
2 1
155 265
1 1
2 2
139490 154786
65422 23399
2 2
3499 2858
114583 293952
2 2
2 206
1742 5295
2 2
11063 22262
106 278
2 2
1994 15446
18 3
2 2
1881 1801
15 2
2 1
2 1
3711 6254
2 2
11076 657
29 13
2 1
102413 77321
192 270
2 1
15 7
19996 58042
2 1
9 64
2 1
2 2
43 249
207 716
2 2
901 479
355996 164726
2 1
2167 1382
429760 251198
2 1
4918 3303
772 282
2 1
85 128
30 14
2 2
4 4
2 2
2 1
10046 9648
172568 42401
2 2
2 50
7 92
2 1
6777 2853
7 19
2 2
83 57
82932 50753
2 2
197300 116656
1 1
2 2
251166 393024
46711 42055
2 2
20 48
1015 1986
2 1
1 1
16 6
2 1
7 22
43960 47148
2 2
227 490
2 2
2 2
117 214
1 1
2 2
938 270
7685 7073
2 2
5 10
128 61
2 2
1 1
11 5
2 1
732 593
157109 149886
2 2
510 131
11943 9767
2 1
410922 442839
223232 59485
2 1
375742 3593
142 72
2 2
46368 89756
4943 2434
2 1
3159 634
221 26
2 2
5 56
1 1
2 1
84 62
114 77
2 2
1 1
126 85
2 1
21095 7720
27648 2329
2 2
16 16
113072 142184
2 2
200007 178445
12629 89237
2 2
586 217
422 358
2 2
12 3
266 472
2 1
5932 2143
497 346
2 1
7 2
868 301
2 1
292 110
143564 231986
2 2
3 3
2717 3144
2 1
1 2
23348 53022
2 2
2 2
355 493
2 1
7957 6461
342 716
2 2
4 4
168 68
2 2
15461 25775
523845 509034
2 1
491381 69023
5 14
2 2
5059 6268
16897 31405
2 2
946 237
192851 164414
2 1
454 848
37012 173886
2 2
11778 7539
1 1
2 2
1 4
700 89
2 1
1952 1320
2 1
2 2
44957 49002
31 36
2 2
1202 22037
2 1
2 2
28852 44632
18243 32160
2 2
3276 3446
1 3
2 1
15935 10164
1279 831
2 1
1 1
26616 65233
2 1
8 5
987 509
2 1
6 2
7737 11128
2 1
2 1
91694 121513
2 2
1 1
2887 7539
2 2
15944 3944
58683 57649
2 2
120384 305
28085 16577
2 2
20 12
27203 12224
2 1
5 4
2 1
2 2
585 46
3 3
2 2
2 6
18 219
2 2
1939 2818
10536 3117
2 1
15 23
15092 10389
2 1
16 4
7 3
2 1
2385 3604
16 98
2 2
14481 43446
5279 2957
2 1
3 3
793 1472
2 2
128129 71679
5 4
2 2
1383 28405
123949 104504
2 1
12 23
1 1
2 1
17 1000
3 1
2 2
1 1
8 3
2 1
7 6
35 53
2 1
33 14
695 1832
2 1
7 15
4 4
2 2
4946 599
79 234
2 1
172171 243723
10 34
2 1
249093 387494
50 62
2 2
80 103
4209 8920
2 1
92436 123584
38 22
2 1
13 30
4904 31576
2 2
6 8
13 161
2 2
24537 22389
420 146
2 1
492066 179408
833 572
2 2
41784 13015
880 741
2 2
195461 165482
8957 10887
2 1
1 1
1 3
2 1
97 316
969 349
2 2
11524 8991
22 23
2 2
19767 12602
3 8
2 1
10 53
43 239
2 1
58648 55238
187 318
2 1
162 2552
51 24
2 1
1 2
1739 795
2 2
1 2
48 5
2 2
84 73
34 4119
2 1
941 358
222 796
2 2
19231 127679
4669 138
2 1
20 17
32 62
2 1
11 61
1789 413
2 1
17154 26646
3656 1736
2 2
4 4
44 10674
2 1
1 1
195603 116877
2 1
52 2
857 1893
2 1
95 1
77427 66269
2 1
59 91
1921 988
2 1
182126 67267
71 67
2 2
2 2
166 104
2 2
204 272
3510 328
2 2
9 4
303793 217767
2 1
905 61270
2 4
2 1
7761 2074
22 23
2 1
574 118
19454 53104
2 1
1 1
5443 16107
2 1
9105 4539
2 1
2 1
2 6
1 1
2 2
680 901
14829 1376
2 2
1 1
385182 205629
2 1
20 29
3592 2674
2 2
62 3
1744 93
2 1
6 8
6 1
2 2
545 397
2 7
2 2
9 6
4 4
2 2
91746 345727
3330 2121
2 1
239 169
113 19
2 1
208 206
57632 41841
2 1
196 71
2071 5770
2 2
2 1
3842 14544
2 1
495 938
90 1888
2 1
2 1
60007 30805
2 2
32578 25649
1 1
2 1
1 1
187 417
2 1
58 6
338 227
2 2
825 741
623 1157
2 1
7369 7247
20 41
2 2
29037 29790
2834 3534
2 2
80 67
604 70
2 2
37 1023
6222 6705
2 1
204 62
127661 115921
2 1
5 8
122 113
2 1
499 263
18429 74134
2 1
14080 15748
23 10
2 1
677 1482
1 1
2 2
1 1
2 2
2 2
395 123
10204 879
2 1
7 7
531 487
2 2
3 3
108 230
2 1
1 2
19 22
2 2
106183 148624
4 3
2 1
15 5
14 5
2 1
98 24
25410 12826
2 2
30776 16182
11832 3419
2 2
3 3
1 1
2 1
50767 96246
21 31
2 1
7698 28637
88 74
2 2
51 41
1 1
2 2
15269 29734
279 62
2 2
2 2
727 44
2 2
1 3
220 192
2 2
77 14
1 1
2 2
1 1
3 4
2 1
572 105
155 144
2 2
30366 45844
7 8
2 2
2 5
2 1
2 2
2002 2713
5 12
2 2
14 339
27 143
2 2
1389 4313
8 11
2 2
30121 24112
1 1
2 2
176 104
122 72
2 2
1393 2096
1 2
2 2
473 371
5246 8107
2 2
4 8
384 330
2 1
7 3
1 1
2 1
4 3
147 250
2 1
29366 112085
2 6
2 1
8378 55495
2294 12176
2 1
2607 3299
4 2
2 1
799 2061
184 359
2 2
1 3
99 1249
2 2
7 7
12792 4386
2 1
309 970
6523 2549
2 2
105349 89782
224 22
2 2
5415 4163
222 3047
2 2
513 718
14084 14573
2 1
60599 52573
23766 11761
2 1
5 63
193944 27546
2 2
35 45
38171 44053
2 2
14430 15342
113 540
2 1
13 27
31184 31407
2 2
126 128
34 48
2 1
16 1
23284 187788
2 2
1667 882
6 3
2 1
2 1
5 7
2 1
32 4
4 9
2 1
203547 239501
2 4
2 2
2627 7639
217877 171339
2 1
714 983
219 115
2 1
20 11
168397 237728
2 2
798 751
1 1
2 1
587 728
1 1
2 1
8101 6792
1 1
2 2
1075 1396
189168 59101
2 2
1 1
37257 66375
2 2
1 1
54 121
2 2
19566 5494
8 5
2 1
31 27
491 77
2 2
7 6
48485 12313
2 2
18 13
2551 11247
2 2
23938 12766
3012 3028
2 1
2898 27416
137595 70909
2 1
104200 122631
49 7
2 1
11 14
502 168
2 1
8 3
1 1
2 1
3021 3597
18 14
2 2
342 459
1495 2997
2 2
177 473
952 549
2 1
133 26
8 3
2 2
5 3
593 761
2 2
2 2
21837 42857
2 2
129148 17619
1 1
2 1
70 73
3848 4641
2 2
2 2
674 889
2 1
1 5
29 4
2 2
272 147
117764 35024
2 1
166025 118071
722 459
2 1
672 3216
331 224
2 2
22 25
110816 94518
2 1
225744 156157
995 3304
2 1
13565 11580
4 4
2 1
649 947
1 1
2 1
921 4
2239 2334
2 2
1 1
17400 17149
2 1
7 15
2139 2727
2 2
390 99
59827 81829
2 2
13 4
1 1
2 2
48 37
1 2
2 1
20 453
410 148
2 1
308641 186831
246 264
2 2
65 175
8 2
2 2
123 226
324600 334735
2 1
4415 12300
130 707
2 1
6117 6885
8 178
2 2
99 114
2437 8139
2 2
1 2
1 1
2 2
7606 5703
54 63
2 2
117289 129271
170 52
2 2
4 1
122 46
2 1
26 41
23876 81237
2 2
23 18
2 21
2 2
13 39
1478 1078
2 1
31878 2101
8 7
2 2
131310 181772
8549 10886
2 1
3 3
60 37
2 1
42414 1508
2241 1604
2 2
2267 4844
9 29
2 2
1 1
196481 116728
2 2
388 264
34 5
2 2
25 27
47 21
2 1
10 2
2 1
2 1
11936 357
22705 1027
2 1
4 2
4 2
2 2
1250 3
24320 68415
2 1
1 1
120386 108508
2 1
20 12
511 89
2 1
71835 415934
1 1
2 2
4909 7740
38831 288259
2 1
51 60
91 67
2 1
6 16
2 1
2 1
1 2
1 1
2 2
1261 124
239162 135565
2 2
196 415
130394 26244
2 1
111469 38774
31830 6311
2 2
55 16
1 2
2 1
14885 240367
4046 4951
2 1
2 8
64725 26261
2 2
848 840
32 18
2 1
1501 2704
14 12
2 2
17384 25572
4013 1587
2 2
5 5
425 387
2 1
55 470
5361 6248
2 1
233551 114248
2 2
2 1
469 404
2423 1500
2 1
2 9
2 2
2 1
3650 6301
2 10
2 2
17 1
12 20
2 1
1 1
15964 12313
2 2
96282 260544
2 2
2 1
7 15
500 781
2 1
24 228
1306 946
2 1
9 5
2 2
2 2
46552 219681
13 3
2 2
15798 9560
835 1200
2 1
679 5898
79 807
2 2
2 2
440 200
2 2
487 142
76 22
2 2
23 605
23 14
2 1
57 11
30822 110461
2 1
634 6376
12928 1868
2 2
15 2
3 6
2 2
670 2550
2 1
2 1
18986 2284
23092 12195
2 2
146 34
23556 246
2 2
6 83
683 350
2 2
8088 1108
300 1188
2 2
241 30
26 27
2 1
29 56
29387 124539
2 1
42470 19834
8 6
2 2
1064 1511
13 1
2 1
3845 2744
1 1
2 2
746 62
8 3
2 2
526 295
122023 97080
2 1
2018 1651
1375 1679
2 1
105 84
8 8
2 1
13 10
7848 4602
2 2
5003 4944
348 498
2 1
15 7
28379 32629
2 1
2246 241
3 8
2 2
42 22
31880 8032
2 1
2 1
4 1
2 1
104581 102901
461508 55329
2 1
3 4
13650 15011
2 1
2312 2811
1 1
2 1
1 2
740 755
2 2
2 1
13165 35184
2 1
179916 180529
3 191
2 2
1426 3212
6952 357
2 1
3604 2442
1 1
2 2
53 5
835 432
2 1
1744 1551
31 34
2 1
27 7
29 16
2 1
88 78
181275 249404
2 2
323850 522183
11 16
2 1
2 4
1725 65
2 1
8 6
502 828
2 1
2804 448
213 1220
2 1
1732 1829
43 7
2 2
5283 1008
5 2
2 2
871 985
1 1
2 1
127 161
6 6
2 1
439 992
4129 14801
2 2
220 165
24 29
2 1
71790 158436
1 9
2 1
224 3795
402950 422990
2 1
147 869
22 1
2 1
111989 47885
58 34
2 2
11812 14216
26905 11763
2 2
2334 3123
3935 1844
2 2
258 600
849 872
2 2
163197 28259
5109 4388
2 2
489 1025
14 2
2 2
101 505
2 2
2 1
2782 1532
3031 11911
2 2
2 2
1 1
2 2
132 21
29 23
2 1
247 846
1 1
2 1
25 14
128 979
2 1
1567 17133
761 759
2 1
51 12
329786 306975
2 1
16850 14939
4044 7354
2 1
2220 354
285467 506072
2 2
259 12332
105038 86086
2 1
1 1
1 1
2 1
258984 43669
3885 1248
2 2
173 508
4444 6846
2 2
5685 4658
2 26
2 2
23 5
384 367
2 2
63 486
11 70
2 1
234 244
27 426
2 2
5 10
2 4
2 2
269 419
6 3
2 2
2644 1431
483680 378258
2 2
14 3
9536 8054
2 2
103 40
1005 29
2 2
88 1
2006 981
2 2
227618 44205
6 5
2 2
2 2
1005 987
2 1
21 6
1 2
2 2
195 182
58 109
2 1
3221 3538
6183 6662
2 1
5 19
142 279
2 1
10 33
70 310
2 1
32 5
8 7
2 1
11536 20825
1 2
2 2
23173 4145
1 2
2 2
121 65
74 202
2 2
1754 333
35 63
2 2
46 89
224 111
2 2
57083 39168
419 868
2 1
1 1
504 2023
2 2
1 4
1 1
2 2
51682 44503
4 3
2 1
502047 380519
13 11
2 1
4032 2521
6 9
2 1
55 2564
217 30
2 1
271 1791
1 1
2 2
1127 3126
11338 8611
2 2
1776 2710
3487 4025
2 1
73517 121752
63958 63946
2 1
151 141
45985 110895
2 1
14314 12162
345 408
2 1
35648 17270
109771 97910
2 1
166764 206446
12598 2343
2 2
463 284
3 2
2 1
327 31
11441 7993
2 1
751 1385
178046 205871
2 2
5 4
64 77
2 2
53 62
1 4
2 1
839 362
7870 807
2 1
1 1
1 1
2 2
52 8
12 11
2 1
181518 211244
147 36
2 1
12304 6263
713 341
2 2
8 42
20095 32020
2 1
3 12
4897 6037
2 1
415 95
511088 350839
2 2
1 1
120277 223920
2 1
11 64
1 1
2 1
4 1
220 44
2 2
7 5
28 3
2 2
21 5
1 1
2 1
9 16
1 1
2 1
14708 4600
54 21
2 2
6588 12179
10388 2803
2 1
86690 130655
28076 28293
2 2
19 29
200 123
2 2
1143 923
115 123
2 1
30 21
51 9
2 2
1 2
957 196
2 1
354 70
2817 27981
2 2
399 136
1 1
2 1
63595 176813
93 198
2 2
46 21
16 15
2 2
4 1
3460 9891
2 2
261 260
276209 239128
2 2
113 295
4 2
2 1
32 12
1809 253
2 1
210 486
1 1
2 1
391 736
56 26
2 1
3054 1550
92214 452287
2 1
61 34
1108 382
2 1
13 20
21461 3378
2 1
3960 1400
30752 17043
2 1
48 19
61 56
2 1
21 58
867 395
2 1
3610 84
76109 107570
2 2
3204 2224
810 425
2 1
29 31
118 63
2 2
3 3
28 32
2 2
1 1
2 16
2 2
28 12
182 160
2 1
329 334
17 35
2 2
297 961
28 45
2 2
518 5729
14 6
2 1
1 1
219 451
2 1
24 15
336060 377135
2 2
15 43
1 4
2 2
2 7
156998 87382
2 1
2 1
154480 138600
2 2
7210 4060
99153 232025
2 2
25 19
2467 7534
2 1
51 13
228 124
2 2
1544 2351
111276 115623
2 2
2094 73220
122414 75396
2 1
533 257
27166 15772
2 1
7 26
1 1
2 1
1 4
8 5
2 2
2 8
191 679
2 1
20 1
104472 279444
2 1
6341 2888
18 24
2 2
34446 103189
43966 14267
2 2
572 1894
120 128
2 1
1 2
1 1
2 2
3 4
11924 37411
2 1
3156 1787
30718 18773
2 1
2 2
3 3
2 1
1585 4011
3647 3171
2 1
31798 45927
244 194
2 1
14034 9146
502 249
2 1
415 4037
5906 19953
2 1
15 7
26 52
2 1
1 1
31 17
2 1
1334 1847
3 9
2 1
2 4
3155 3227
2 2
2244 1198
1692 1898
2 1
50 285
14569 14532
2 2
2 1
34 50
2 2
5766 11311
297 220
2 1
1035 12857
29 16
2 2
4 6
114 28
2 2
1106 884
1748 2041
2 2
2811 87
2 2
2 2
567 3160
3751 1899
2 1
24 21
1297 855
2 1
45650 63231
24 17
2 1
1 2
6 6
2 2
3966 778
7 5
2 1
816 231
48 2
2 2
2711 1205
141 14
2 1
16 7
3149 77908
2 2
103 7
46 37
2 1
190 1305
221 72
2 2
1 1
149 143
2 1
2 1
64 46
2 1
81 63
3 1
2 1
143 94
1182 236
2 1
105179 27934
47 52
2 1
39 225
711 1085
2 1
23238 4970
2 77
2 2
58 28
254250 65879
2 1
18 30
1 1
2 1
1 1
1954 2802
2 2
690 308
1867 899
2 2
20982 447871
5547 11622
2 2
65 74
25 12
2 2
33839 28409
398620 494028
2 2
21 4
32 8
2 2
3 4
32915 86379
2 1
2 7
28 3
2 1
207999 13695
1 1
2 2
9 23
1 1
2 2
10806 106209
5751 15124
2 2
100 39
176865 109301
2 2
2 7
32 24
2 2
807 641
3 10
2 2
10232 1228
3725 957
2 2
28 22
5378 1163
2 1
31907 15696
89855 45153
2 1
6731 182984
350 4
2 1
1847 265
54379 19347
2 2
435 146
42 81
2 2
4645 4017
139912 77654
2 1
1198 374
320 878
2 1
10 99
2944 2865
2 2
32 1
10558 1497
2 1
6505 8189
2 2
2 2
16691 25705
1 1
2 1
2 1
4 1
2 2
913 779
6231 4047
2 1
87432 126557
25427 21285
2 1
2 2
185299 224459
2 1
110244 1432
9634 7714
2 2
7372 9533
125876 92585
2 2
1 1
1 1
2 1
1314 7468
14392 9171
2 1
199525 82857
15 16
2 2
23 8
4 2
2 2
4133 7150
177 25
2 2
303 180
29 19
2 2
175749 70438
883 645
2 2
1 1
2 2
2 1
13136 11257
55749 58874
2 2
64 19
550 814
2 2
18 15
80 118
2 1
1700 3776
1 1
2 1
10 24
167594 234402
2 1
26 196
37396 4677
2 1
10202 2567
850 594
2 2
141 88
117 33
2 2
12190 31795
1575 1126
2 2
35769 230591
4831 105317
2 1
66 14
118422 30881
2 2
48065 117108
1 2
2 2
8822 10963
2286 3568
2 1
70 120
3 3
2 1
3368 6646
999 60
2 1
475 696
173 314
2 2
28 17
13 31
2 1
4 2
4 3
2 1
2 2
5268 8038
2 2
35729 51467
14989 1731
2 2
15 13
4 6
2 2
3 1
176327 91
2 2
7784 12026
4746 14144
2 2
2 7
3832 1263
2 1
13 12
3 11
2 2
2 2
65160 65457
2 1
18 33
24372 10687
2 1
5 3
84488 153250
2 2
3 4
1 4
2 1
64930 48295
1704 336
2 1
16543 4617
460 315
2 1
30051 23422
1 1
2 2
2 41
138405 254258
2 2
120413 502411
10061 3782
2 2
335 2769
466 703
2 2
186940 140893
2912 71328
2 2
1 1
4 2
2 2
8 222
451 1842
2 1
1 28
28 1943
2 2
9571 15936
51 145
2 2
4619 1624
8 48
2 1
2541 3203
1 1
2 2
126547 116929
129100 189526
2 1
9767 11370
204 185
2 1
1 1
38847 26300
2 1
3 2
2335 7092
2 1
2 7
26631 24275
2 1
1 1
3 3
2 2
25003 5677
92 37
2 1
1668 3627
63324 20285
2 2
2 6
55 74
2 1
1 7
79 213
2 2
53787 47893
91 87
2 1
4 3
447428 35604
2 2
10 23
2 8
2 2
1 3
4286 6594
2 1
6766 19812
34 195
2 1
61711 111726
2 1
2 1
29 4
11 14
2 2
26 1359
24 18
2 2
2546 6069
10 114
2 2
6 7
14 12
2 2
1796 646
6 14
2 1
20 35
162 5
2 1
152700 189354
5 10
2 1
1 1
55515 60854
2 1
61902 171569
4522 23259
2 1
12 29
1 1
2 1
52215 108469
10 5
2 1
229 250
9252 5749
2 1
1055 1014
144 99
2 1
16 3
16306 8710
2 1
1562 245
10 16
2 1
72 16
10 9
2 2
3515 9056
1 48
2 1
2349 2771
49 214
2 2
2674 1780
233 59
2 2
1780 274
3206 6969
2 1
27 2
19388 10152
2 2
1723 1547
34 43
2 2
23 125
114 94
2 2
15 12
203 112
2 1
39665 242719
3 24
2 2
42161 127960
413 968
2 1
11 7
1731 1203
2 1
12 3
259857 222989
2 1
509966 454491
1 1
2 1
2 1
9 7
2 2
1 1
25669 49966
2 2
1 3
1 1
2 1
4171 2798
22 28
2 1
116 160
1178 1276
2 2
3563 3644
29 158
2 1
82 75
92344 330373
2 1
1752 3257
19 7
2 1
1 1
1 1
2 1
3 4
319 480
2 1
69 835
4 6
2 2
14 13
2030 1051
2 1
2059 3020
343 322
2 2
6 12
614 691
2 2
30158 6475
749 13075
2 2
4 1
936 247362
2 1
32 3
647 978
2 2
10707 106873
5388 110726
2 1
370 142
2421 90073
2 1
97 101
5784 8659
2 1
1975 5234
65073 43136
2 1
24072 24573
1396 608
2 1
233 293
1305 880
2 2
4034 1555
1570 7421
2 1
1 12
5909 2255
2 1
135894 40645
4 1
2 1
1 2
1 1
2 2
9 10068
314 859
2 2
2 2
3 4
2 1
7 12
150861 339682
2 1
95882 108172
270 426
2 1
217597 22575
17141 4753
2 2
1 1
609 251
2 2
29249 32283
404 421
2 2
7806 5887
3 9
2 2
2 2
3507 2646
2 2
7 8
11754 1084
2 2
398 375
33395 94433
2 1
305235 188361
4 1
2 2
636 117
42048 4173
2 2
45847 203850
1957 1713
2 1
1164 2429
478 181
2 1
476 5465
5 8
2 2
2 2
38946 125441
2 1
30 6
3 4
2 1
321 612
103 14
2 1
461900 218842
34 65
2 2
234069 7861
3 4
2 2
27 42
8 1
2 1
35371 8017
634 3215
2 1
440 272
26 5
2 2
2 8
1739 153
2 1
3888 1675
197 142
2 2
1552 1345
3 3
2 2
78 81
91 274
2 2
924 1921
25772 22936
2 1
2 1
174 164
2 2
48208 24907
221574 391694
2 1
28939 41593
1 2
2 2
1 1
112 72
2 1
6953 1415
23818 14970
2 2
551 773
53 13
2 2
1 1
8 15
2 2
28 162
887 348
2 1
2970 3554
126 122
2 2
1 1
26 18
2 1
82645 34618
25 42
2 2
1 1
2034 1375
2 2
116208 49572
1258 681
2 2
16548 57020
146 108
2 2
18055 14833
2 3
2 1
88993 52679
29 7
2 1
371 141
8 3
2 2
13 16
28998 22747
2 2
2 1
10995 29729
2 2
2 3
583 30
2 1
8194 6337
7 3
2 2
4587 3578
99427 46005
2 2
27 40
2 2
2 2
12079 4525
7838 9851
2 1
31641 14130
4 4
2 1
44549 27562
501 216
2 1
1516 1081
88 442
2 1
50267 249602
1 1
2 2
69 47
6321 3384
2 1
4 12
4 4
2 2
64845 43217
369 374
2 2
326283 65522
326 785
2 2
579 169
32 19
2 2
24404 239
2 15
2 2
38040 10252
40004 63656
2 1
868 640
27936 163003
2 2
3 3
18 30
2 1
38 25
97853 79114
2 1
7 9
33 54
2 2
6617 6501
190 2140
2 1
156 35
15 3
2 1
806 987
86 191
2 1
11 45
62 62
2 1
3 4
25 85
2 2
51936 55255
50 92
2 2
125481 68315
2835 24821
2 1
8387 750
400233 112788
2 2
9002 119
61 53
2 2
166 168
165 174
2 1
1 1
1902 1091
2 2
25 68
5 9
2 1
123458 120666
169626 7855
2 1
490 214
1 1
2 2
7906 7141
1640 947
2 1
443 671
26 51
2 1
1 1
9 23
2 2
319 108
2 2
2 2
1376 1555
82 33
2 1
1302 2039
138504 101252
2 1
503454 157660
47 41
2 1
1 29
7 16
2 2
227451 45874
212616 221094
2 2
4 17
405896 133055
2 1
1 1
13 47
2 2
163875 203114
402213 385599
2 1
23 53
72 244
2 1
1 6
1 1
2 2
18 12
13875 2681
2 1
13 37
99826 126747
2 2
475810 257059
11 16
2 2
166656 34508
528 844
2 2
36 42
66397 62712
2 1
16183 227147
8 6
2 1
478 257
13 32
2 2
2 4
26760 927
2 2
381 23
40758 32819
2 2
91 239
3896 682
2 2
149 186
83334 97913
2 2
1421 34
98 95
2 2
55 488
1232 1036
2 1
2 4
63 149
2 1
319 7
2 4
2 2
805 652
565 2622
2 1
348 266
7241 61
2 2
11209 5285
2 2
2 2
24 185
26873 4873
2 1
2 109
482491 13955
2 2
5219 10890
280 563
2 2
128 88
926 207852
2 1
13 2
375887 89262
2 2
2353 1565
28 41
2 2
3 7
56 428
2 1
284 2408
80357 165618
2 2
19 6
88288 113088
2 2
31 64
39711 366577
2 2
281 114
248 394
2 2
22577 26639
1 6
2 2
6813 2250
2 1
2 2
4084 3596
3 3
2 2
64289 56393
312 1862
2 2
54 150
25605 85
2 2
376 126
124 88
2 2
6 10
518 2303
2 2
212 2997
82 84
2 1
1 4
174 937
2 1
518 675
5 8
2 2
1 1
1 1
2 2
47311 181353
84 182
2 2
93 86
410 451
2 2
349821 81238
1917 3715
2 2
60003 41093
1 1
2 1
1954 386
22 20
2 1
3 3
844 222
2 1
9729 2649
1 1
2 1
1 9
79147 123286
2 2
20839 58968
267998 466542
2 1
2474 122000
8825 1025
2 1
20792 100619
49 74
2 1
8 1
19670 7281
2 1
8 3
64684 199014
2 2
251 1201
171 96
2 1
8252 346
114 197
2 1
866 411
99329 238261
2 2
33009 15946
15714 12715
2 1
1 1
8 5
2 1
6044 51375
1 124
2 2
75441 451949
173 83
2 2
31535 2742
924 649
2 2
4 22
45670 56833
2 2
13 98
1 1
2 2
95011 38929
1800 3954
2 1
57888 219025
32 26
2 2
5 7
126361 127878
2 1
18 23
44108 155340
2 2
3995 566
5203 15553
2 1
236 2603
14 64
2 1
71 51
1 1
2 1
6004 4991
10743 27597
2 2
8 2
1 2
2 1
253 136
7311 6039
2 1
812 3092
23037 25230
2 1
35 38
161798 412876
2 1
1 1
448 412
2 2
73 99
513 835
2 2
3 1
6744 4681
2 1
62917 20775
62 11
2 1
49 16
1323 1508
2 1
1563 1543
504 1430
2 1
15 2
124931 100444
2 1
63 46
51 96
2 2
4 13
63729 1576
2 1
11 3
7813 56022
2 2
11 11
255 89
2 1
2883 4661
1 2
2 1
766 837
223 237
2 1
3 8
2 16
2 1
215899 203303
7539 591
2 2
2 1
163 1977
2 2
1 1
255 215
2 1
12 846
4401 5439
2 2
8765 2115
2 3
2 1
4999 12293
64 488
2 2
27 3
1 1
2 1
39 40
356248 66702
2 2
22347 85549
496473 243784
2 2
402 429
14978 10125
2 2
100 3
15183 1396
2 2
84813 112914
209546 202429
2 1
5958 4537
629 821
2 1
946 809
240 1840
2 2
7374 7931
56337 20862
2 1
8588 13757
15 5
2 2
433 122
244 114
2 2
970 346
10000 2290
2 2
62 39
87434 54178
2 2
4579 23269
2 2
2 1
102 227
3 76
2 2
25916 18100
7842 8031
2 2
73 104
39842 8342
2 1
86 53
6476 20612
2 2
1 1
115 176
2 1
18439 1953
437 438
2 1
1453 1220
1 1
2 2
5 11
3291 3775
2 1
47955 61628
8 9
2 2
26673 28460
361319 150385
2 2
441 369
1 2
2 2
154119 105084
6 4
2 2
675 2016
149 127
2 1
2297 2175
236 1713
2 2
4 191
15 4
2 2
311374 305071
1 1
2 2
420 88
200572 205928
2 2
38771 60422
20410 13338
2 2
2 2
506 15278
2 2
62315 37839
386 696
2 2
18 8
71 10
2 2
1686 6993
479 218
2 1
4 257
13705 23955
2 2
120400 2181
219 326
2 1
3 3
93 31
2 1
2 2
1 1
2 1
36 52
37 14
2 2
114 331
132929 3509
2 1
231 3861
31 14
2 1
171 218
80511 49317
2 1
65403 58727
14543 9206
2 1
24787 10265
59 8
2 2
1 1
2 1
2 1
494165 439006
14 90
2 1
2 3
5023 4043
2 2
265717 330001
883 950
2 1
116 237
3400 1520
2 2
2 1
6 13
2 2
287 916
243 583
2 1
2 2
4 3384
2 2
450 451
3 5
2 1
57 31
1 1
2 1
457 35
357 429
2 1
11389 970
2 2
2 2
123015 102840
1 1
2 1
2623 1862
27831 17449
2 2
29 119
6270 2347
2 2
1 1
478 1259
2 2
237 72
1 1
2 2
4 2
1 1
2 1
4298 5265
16 64
2 2
1 1
3 2
2 1
833 2719
30 6681
2 2
457305 169355
19 129
2 2
1 1
87 150
2 1
1236 8359
332 515
2 2
28023 470165
254189 28085
2 1
51 41
203507 488473
2 2
20173 102581
89 84
2 1
508368 394403
2 1
2 2
32508 17560
449 64
2 2
4 4
223 205
2 1
1 1
27 55
2 1
4791 11545
33169 181300
2 1
7 22
3 3
2 2
1 2
22 7
2 1
3160 726
24179 8365
2 1
8 6
5318 6682
2 1
117 188
9798 16307
2 1
1 1
51 33
2 1
4 8
147 100
2 1
20 6
308 2009
2 2
8 3
1 3
2 2
14798 18578
12 37
2 1
1 1
24453 27951
2 1
12 7
285 285
2 1
59891 31345
16 3
2 1
313 130
1292 7220
2 1
1027 910
91600 201333
2 2
1 2
7052 4544
2 1
141 90
22 99
2 1
409 361
2028 834
2 1
50151 6396
2634 4557
2 1
290 93
120145 22556
2 1
58808 9420
1 1
2 1
1 4
24320 19504
2 1
7 25
126285 78881
2 1
318498 238969
19 12
2 2
28410 16260
5 8
2 2
12331 4529
205 176
2 2
23 83
41066 6552
2 2
6 3
1745 816
2 2
3 3
2868 7918
2 2
266 332
3970 6247
2 1
188 188
1 1
2 2
1 1
9174 3561
2 1
647 1627
148 530
2 2
339 246
54969 79371
2 1
1814 731
195 139
2 1
32181 26174
14 29
2 1
257824 81600
1074 1459
2 1
284 188
459684 439311
2 2
1 1
2 1
2 2
97504 106236
1 1
2 1
21935 4535
111669 194044
2 2
195407 146059
2843 626
2 1
16116 12381
1 1
2 2
34680 24523
6 315
2 1
64390 36633
2 4
2 1
85 153
250 121
2 1
353 164
1114 10368
2 2
16281 23870
52 29
2 2
7 2
5 13
2 2
45342 16939
6788 7044
2 1
5648 14476
279 1283
2 2
69203 6059
28569 35047
2 1
3624 200
13703 9102
2 2
1 2
2 1
2 1
2658 4087
26 16
2 1
1212 7
6806 1457
2 1
229025 392951
3 4
2 2
246 297
326748 351586
2 2
291 231
11049 296
2 1
1935 8797
113 5
2 1
78 340
90 20
2 2
453 371
127808 36771
2 1
1737 1492
2 2
2 1
27 217
2 3
2 1
1 1
9 17
2 1
4 2
215923 55439
2 2
2271 2575
4 3
2 1
2 2
989 788
2 1
28 12
1 2
2 2
63319 4443
696 578
2 2
7 13
260 112
2 2
5055 6900
1041 1614
2 2
539 2016
30484 20456
2 1
3 10
312 251
2 2
67 510
22129 29098
2 1
1 1
2 12
2 2
152 71
323 505
2 1
103 412
7 2
2 2
2231 639
2595 3500
2 1
1 1
13118 2318
2 1
16 12
6 14
2 2
4524 600
110335 99018
2 2
15 43
17245 1312
2 1
6 24
380738 320400
2 2
102954 60801
176192 68000
2 2
11 2
3 8
2 2
287 228
12 6
2 1
253 69
86 477
2 1
4 3
32 24
2 2
214 134
222 57
2 1
58573 12250
2 1
2 1
1 59
2 3
2 1
1 10
1 1
2 1
76 227
1 1
2 1
3 3
25260 7350
2 1
1 1
13 11
2 2
12248 409271
3 14
2 1
123066 136815
4677 6410
2 2
2 1
4 3
2 1
2 4
16006 10834
2 1
4272 26368
5793 834
2 2
210 38
6 12
2 2
1 1
1 1
2 1
1 2
409 907
2 1
143 1002
5 5
2 1
3 3
193843 39809
2 2
47794 34537
7 4
2 1
1308 3717
7 8
2 1
47914 18389
46 56
2 1
71 58
32 23
2 2
3 1
4399 4256
2 2
70 100
2 4
2 1
3 3
1 13
2 1
1639 8097
31639 30142
2 1
304 905
1 1
2 2
224 147
61 14
2 1
225344 173909
4 2
2 2
1123 1538
1 1
2 2
84689 211786
1 1
2 2
93 70
34222 17085
2 1
5 24
8 63
2 1
28239 116029
154 744
2 2
2 2
1 1
2 1
4850 49412
1 1
2 1
375 1574
579 962
2 2
15311 25559
607 836
2 2
384 460
1961 4422
2 2
5 6
57 3
2 2
17853 27199
1 6
2 2
176 726
57716 498210
2 1
3980 1067
25403 107249
2 2
8 5
1 1
2 2
1710 4639
9932 6339
2 2
1 2
106 374
2 2
6 1
114 212
2 1
344641 74554
7 8
2 1
1 1
26576 1294
2 1
38544 130419
16721 252995
2 2
12690 14045
120086 378526
2 1
395 498
11 20
2 1
2329 3354
1337 55462
2 1
29096 437361
5 4
2 1
4 7
12 12
2 2
18135 71822
23304 189237
2 1
5547 13121
8490 28313
2 2
1305 1857
14150 11296
2 2
145 46
10113 4543
2 2
372 16976
276 166
2 2
17867 4050
15 4
2 1
17179 114485
1 5
2 2
1 2
2 1
2 2
421 187
118973 354172
2 1
180532 164712
63 158
2 1
13 48
15592 76
2 2
264 1174
23183 16698
2 2
9786 30521
15 54
2 2
1668 1498
8 14
2 1
142 153
100472 111259
2 2
10 13
10270 49376
2 2
13392 24146
32 31
2 1
1063 805
10 17
2 2
65 125
439 77
2 1
19 18
52 18
2 1
5 5
1 1
2 1
3328 8459
112 11
2 2
372 766
3289 1674
2 2
1 1
1 2
2 1
61 10
532 875
2 1
9 3
592 680
2 1
108 35
24080 18575
2 2
1 1
3 2
2 2
59340 21173
44556 45137
2 2
1657 12
13 16
2 1
7771 3510
1067 1789
2 2
67923 7652
14010 16045
2 2
2581 778
16 8
2 2
3550 620
78 102
2 2
2 2
1275 2893
2 2
86 541
36 184
2 1
291 452
56 15
2 1
1 1
29140 7108
2 1
2407 594
164 1206
2 1
22074 1305
2581 1682
2 1
166619 68813
392 554
2 2
2680 90
2872 1985
2 1
53 19
79263 1583
2 1
99 114
24 20
2 2
4 13
234 307
2 1
51931 44422
3 1
2 1
4 1
1 1
2 2
7683 1101
489322 373478
2 2
800 1003
19607 32518
2 2
615 1828
20 50
2 2
3 7
2 1
2 2
8338 27309
8 5
2 2
55 52
4717 5693
2 2
1866 1757
13426 81113
2 1
384 870
1 1
2 1
11 99
854 732
2 1
15486 14788
3 3
2 2
1 186
1 2
2 1
991 825
7057 219027
2 1
8710 4163
31 42
2 2
7 7
51085 42752
2 1
579 328
676 906
2 2
251 36
408729 505946
2 1
127 302
100 33
2 1
1 1
1902 674
2 2
124 109
1 4
2 1
154 630
2 4
2 1
8569 41469
33 45
2 2
753 1875
94 89
2 2
26 4
183 143
2 2
19 586
1468 1145
2 2
1 1
1566 414
2 2
46 52
1 2
2 1
212 168
1 4
2 2
1 2
2 3
2 1
928 939
7 6
2 1
114 248
191311 11558
2 2
114 2
56906 34102
2 1
77104 6346
32 57
2 2
1 1
1391 2948
2 2
2 1
83 69
2 1
495 425
986 875
2 2
452 1608
454 340
2 2
27 8
333 444
2 1
104 11
82 185
2 2
3323 6062
394 2219
2 1
50 104
129536 43776
2 2
247 329
4 1
2 2
67 187
3572 3155
2 2
1929 1068
37 118
2 2
20772 19453
25 25
2 1
2 2
269 406
2 2
1724 1507
26 10
2 2
12397 13370
205 140
2 2
1 1
4103 935
2 1
55489 25224
205 1512
2 1
30037 240996
43 8
2 1
16605 17076
3 1
2 1
2 1
49070 194528
2 2
125739 68773
240520 241936
2 2
671 263
2878 2509
2 2
1 4
2146 1169
2 1
1 1
2733 5189
2 1
29 59
1 1
2 1
7532 667
86834 227076
2 2
8 12
1038 783
2 2
35 24
1 1
2 1
45 24
18566 43824
2 1
3815 1205
5216 11714
2 1
142 7
71 52
2 1
60020 46579
272 263
2 1
51 30
27532 16233
2 2
205913 155941
6066 3275
2 1
72992 121888
117 112
2 2
74407 106714
2 1
2 1
36 15
4832 4868
2 1
28 3
451 608
2 1
1 1
58 32
2 1
8 2
4750 7724
2 1
29 70
241717 11779
2 2
2 1
17 27
2 2
112531 71417
10 17
2 1
74870 51653
126358 45039
2 2
1 2
3 2
2 2
20 75
1 1
2 1
1706 1427
123 87
2 1
784 4776
12 171
2 1
1 1
94 3340
2 2
489 625
257 917
2 2
4 3
61 223
2 2
53 29
12 10
2 2
2688 640
3 14
2 1
4095 2794
11024 5470
2 2
219015 22259
1501 2842
2 2
1243 1235
164 3673
2 1
5 15
161009 163057
2 1
260833 228892
50 39
2 2
1 3
8877 4890
2 1
97830 108462
1 3
2 1
91 28
12 12
2 2
72220 127843
2 8
2 1
4 23
1513 4052
2 2
3314 576
97 1821
2 1
3 1
7 10
2 2
87 27
1 2
2 1
453 447
8 7
2 2
54120 20390
48 56
2 1
15043 1738
719 14
2 2
101291 23004
5141 11219
2 1
3 2
314340 504718
2 1
6330 21751
110 23
2 1
524 1978
20051 4428
2 2
1114 812
24352 27233
2 2
11747 30647
231 907
2 1
171 1135
423 1528
2 1
39 28
57 45
2 1
133 14
190 158
2 2
24 14
375130 221691
2 2
97938 126207
234667 243390
2 2
429 393
4590 6537
2 1
573 826
1 1
2 1
96 218
31621 13413
2 1
16532 22387
2 4
2 2
27396 21114
6893 120154
2 2
1 1
977 281
2 2
16 13
2 4
2 2
4657 2313
1232 1279
2 1
108607 123439
62 64
2 2
457 220
45 75
2 2
1 4
1 4
2 1
2 2
10488 31444
2 1
3033 226
448 467
2 1
263 92
323314 209657
2 2
245 101
4 1
2 1
1 1
415 98
2 1
1 1
96 143
2 1
1173 129505
8 1
2 1
6329 476203
3 2
2 1
1895 15416
10641 10968
2 2
7870 4839
3 8
2 1
1 5
7204 6589
2 1
5657 21165
32 21
2 2
2022 13022
441938 279142
2 1
43449 1914
10 142
2 2
35179 30268
109091 65215
2 1
50360 50509
24 6
2 2
3 6
2 4
2 1
38 29
106 68
2 2
433656 384038
3 3
2 2
133 371
31 41
2 2
65855 111790
10416 11874
2 1
3267 1179
1803 231
2 2
1982 904
4867 3071
2 2
130 63
94908 110869
2 1
5035 19913
65359 2302
2 1
488 237
15 11
2 1
1 1
17634 25843
2 1
1275 118
5 3
2 2
624 711
21 125
2 2
3517 7243
10 202
2 2
1862 274
8 15
2 1
11 3
939 617
2 1
12 9
1 1
2 2
224385 110536
200560 127963
2 2
1 1
1 14
2 2
3 5
7 10
2 2
289 577
2 3
2 2
5179 4836
257 45
2 2
211557 17585
39375 20225
2 2
74507 23656
19 26
2 2
2 2
2 1
2 2
239 835
2078 424
2 1
785 1455
1970 3573
2 1
962 2331
89743 82651
2 2
142547 218633
9297 32429
2 1
16 15
609 46
2 2
2 1
518 7929
2 1
1440 1636
72 40
2 1
112 320
1 2
2 2
486 321
13 17
2 1
18 20
4599 4893
2 2
7 2
3457 1247
2 1
159 448
35571 24594
2 2
13839 239148
1270 2409
2 1
249 228
39 61
2 1
23763 5930
507908 335163
2 2
19 48
1625 45
2 2
57 63
1773 520
2 2
1047 1543
4 2
2 1
125593 161811
4 4
2 1
69 89
6760 1242
2 2
309072 23554
3835 820
2 2
1612 474
208 5895
2 2
167559 251823
22 18
2 1
14 156
198 125
2 2
3662 2417
1 2
2 2
84 8171
1829 1379
2 1
3 813
7 8
2 2
40815 94520
359272 504747
2 2
13501 15103
6906 5000
2 2
3 45
6987 79338
2 1
30 10
2639 7095
2 1
1052 1102
3268 10649
2 2
1 1
649 3223
2 1
9819 27032
191 214
2 1
178351 136949
1757 6331
2 1
5 7
1 1
2 2
33 60
7 6
2 2
823 358
186623 255752
2 1
14 15
36 20
2 1
308 897
499 1730
2 2
21228 37737
180 9
2 1
24 9
4 132
2 1
57 45
209 20
2 1
1 1
71717 59359
2 2
1 1
246578 41092
2 1
185 206
5944 9016
2 1
53038 4456
18 9
2 1
30942 21324
5 5
2 2
4 7
409419 267179
2 1
2954 3523
14 27
2 2
169479 98366
53 61
2 2
3 3
61529 75743
2 2
5 31
4 7
2 1
810 833
1 24
2 1
403 358
31 24
2 1
14 16
34 36
2 2
20 34
80038 91025
2 2
1 1
1 1
2 1
53 48
1140 1736
2 2
33094 25503
7 49
2 2
134 247
12 6
2 2
2 130
2044 2603
2 1
142494 166690
2759 3328
2 1
128 60
2 39
2 2
1 1
66 107
2 1
10 3
902 974
2 2
91 26
36862 34632
2 2
243421 186118
12 16
2 2
876 1977
16810 65516
2 2
4 3
8706 6828
2 1
33 134
32 30
2 1
1378 3636
88669 49783
2 1
55792 26768
2 2
2 1
289 7304
1 1
2 1
488399 212020
7 6
2 2
84115 241598
145 74
2 1
4 1
13 10
2 2
34 46
10 13
2 2
13131 111474
305 173
2 2
553 574
5625 57327
2 1
4 3
23765 19727
2 1
1636 2782
1 13
2 1
29 23
1 1
2 1
1 1
72223 111672
2 2
203 188
15 12
2 2
1 1
29784 5184
2 2
83 253
197090 81439
2 1
1 1
32641 51359
2 2
473 400
5 186
2 2
67 82
6 14
2 1
2 1
425 432
2 2
68450 80494
15955 30844
2 1
1 1
4539 5529
2 2
6 14
239184 466747
2 1
32 142
261 376
2 1
16887 64988
1 1
2 1
5 26
52 32
2 2
1633 353
3408 97
2 2
3185 7036
12 3
2 1
98 125
2064 4568
2 1
5549 6655
58 53
2 1
1 3
20 92
2 1
31868 34156
24227 525
2 2
184 5803
1216 4142
2 1
501397 163347
5585 419
2 2
126 1018
189410 171945
2 1
7 2
3 4
2 1
1592 2695
21 6
2 1
2533 1792
33 65
2 1
180358 19024
6 1
2 1
32 1
26 13
2 2
8 1
2 3
2 2
12 25
1 7
2 1
3190 325
14951 13215
2 1
463 492
4 1
2 1
22886 11839
2566 3750
2 2
19 92
26594 30691
2 1
38545 39491
9129 20251
2 1
2 2
2022 934
2 1
2709 3813
8 5
2 1
1 1
5 15
2 2
3 4
101434 118381
2 2
5 11
956 1632
2 1
1855 749
229 3370
2 1
52338 26342
56 18
2 1
8 3
16 8
2 1
114412 447841
106 357
2 2
2 2
19650 22294
2 2
10799 18450
102402 74907
2 2
468028 322246
103067 101776
2 1
7 6
3 46
2 2
33883 62480
1 1
2 1
3169 3562
7 29
2 2
130425 123589
8 4
2 2
12213 2665
114 49
2 2
69 193
24 29
2 2
129571 110181
8 7
2 2
44 34
2 2
2 1
5142 7005
244 251
2 1
124006 88646
74 146
2 1
604 283
4 2
2 1
149 149
25679 86137
2 1
625 279
2 1
2 1
106 49
3023 18944
2 1
16125 9584
1 2
2 2
8 1
44 98
2 2
169651 58034
63 34
2 1
27 19
40635 62674
2 1
20 77
1122 1072
2 1
1 1
78398 103514
2 1
759 1827
1 1
2 2
1 2
1 2
2 1
687 1312
145 252
2 1
247 435
245235 477893
2 2
53 86
3 9
2 2
4 2
1 1
2 2
1 3
2 2
2 1
25695 6503
1 1
2 1
4 8
28 34
2 1
230756 46371
18 18
2 1
3591 3451
191638 290749
2 1
392 353
15 15
2 2
15029 90545
1333 1355
2 2
4682 10237
86428 25638
2 2
87386 199454
3445 10923
2 1
2064 3868
2 1
2 2
5 15
71909 20517
2 2
184 316
1890 1149
2 2
12069 3488
6 1
2 2
296 1
1 1
2 2
3649 7314
6 7
2 2
210 960
12 9
2 2
365 606
122764 137886
2 1
275 1144
27545 188058
2 1
1 1
2 3
2 1
666 754
76630 268389
2 2
18 31
139843 239501
2 2
227 101
46 33
2 2
97188 252404
18 51
2 1
92 150
740 1417
2 2
1 1
169028 114516
2 1
114 13
75775 17119
2 1
4 4
2 2
2 2
35 28
4 1
2 1
588 1048
998 5190
2 2
2 2
1822 852
2 2
2 1
102137 99000
2 2
731 991
796 984
2 2
1 1
697 1379
2 1
437 3211
1 3
2 2
2 2
245787 40630
2 1
60 31
4 10
2 1
1648 7064
36877 33850
2 1
4 1
1198 3796
2 2
1833 1118
543 2874
2 1
20 1
390 903
2 1
47011 206535
1480 2462
2 2
158853 489123
2 4
2 1
36 37
70791 226927
2 2
3423 328
955 909
2 2
5577 3350
127 123
2 1
5 12
64 5
2 1
1 1
7 5
2 1
127 438
63970 50770
2 1
1 1
387 428
2 1
1 1
1946 652
2 2
32 328
218 561
2 1
2 7
935 549
2 2
13 8
15344 1024
2 2
1 1
24569 17175
2 2
241392 225116
11064 2323
2 2
3 3
11 128
2 2
3 1
10 4
2 2
1 4
7172 7393
2 2
14809 6156
94552 45349
2 2
13337 12423
102450 253946
2 2
19486 977
52159 70404
2 1
1800 2747
1577 1773
2 1
5362 25533
1641 2070
2 2
1 1
2 1582
2 2
15806 674
4 9
2 1
1 2
4057 455
2 1
3 16
1 4
2 2
43 54
2 1
2 1
20 14
115 123
2 1
69 66
67426 41226
2 2
184986 5484
1534 31628
2 1
10 19
33 14
2 1
117008 62218
6876 3551
2 1
911 977
1307 1156
2 2
968 2252
3 1
2 1
19 214
2023 6489
2 2
31834 1077
9885 20136
2 2
6 8
296773 401782
2 1
1 1
171055 77510
2 1
1 2
8279 7910
2 1
10603 10605
203 22
2 1
9223 32444
1 4
2 2
32 27
1809 3743
2 1
1146 983
1532 1548
2 1
30351 5521
787 439
2 2
28 27
106 191
2 2
116 149
456 296
2 2
19934 3024
92 89
2 2
4 1
2 10
2 1
6 7
245 380
2 1
3269 13122
996 485
2 1
3 12
80670 65507
2 2
4 1
189 66
2 2
3 3
14 6
2 1
250092 345227
201 137
2 1
1009 60
44 20
2 1
1 1
38514 51796
2 2
2 7
1 2
2 2
1903 3787
4386 3565
2 1
51 456
14980 1388
2 1
24138 18806
10637 32364
2 2
17341 16399
244 28
2 1
54 62
25083 231281
2 2
1873 3273
32389 16464
2 1
257 809
6695 5105
2 2
1 1
12 193
2 2
2 2
1036 1085
2 1
1 1
51893 98942
2 1
291 205
1 27
2 1
504 299
8 9
2 2
65229 45361
14705 28234
2 2
4251 9387
16176 15591
2 1
1425 795
2045 1441
2 2
497 196
1 3
2 1
1952 1381
36731 116052
2 2
1 8
56 204
2 2
29 29
22904 10835
2 1
53724 51160
1 1
2 1
213866 331116
50363 82833
2 1
50803 2144
1472 1432
2 1
38 14
138 1443
2 2
12074 8076
563 926
2 2
105456 354936
1485 3793
2 2
7625 7123
59693 35775
2 1
595 320
809 702
2 1
887 94
26 17
2 1
4 4
462 128
2 1
4046 2530
1 1
2 2
450 454
1 2
2 1
1 2
5 5
2 1
53158 12811
10192 19139
2 2
137 185
7117 4769
2 2
2 1
3 1
2 2
786 476
417 2013
2 1
218284 158316
7386 3169
2 1
1 1
739 1001
2 2
120000 92553
126147 182573
2 1
14144 13666
1 2
2 1
3875 2074
1277 4237
2 2
12 13
63 76
2 2
2080 11123
101298 293788
2 1
1 1
2 1
2 2
19 6
1 2
2 2
15142 27289
453 685
2 1
2 2
15 12
2 2
1 2
8 7
2 1
544 175
1 6
2 2
49329 156452
652 1614
2 2
8 12
294 285
2 2
136905 438024
20318 22630
2 2
1 1
1 1
2 2
145336 186033
25530 22281
2 2
6 6
131 222
2 1
5 4
154 873
2 2
12 11
6221 3146
2 1
43 35
61279 12941
2 2
179441 151069
357631 384946
2 1
113914 4329
3750 947
2 1
6495 3117
24 11
2 2
1 6
1 2
2 1
3963 938
2 2
2 2
6 9
51 26
2 1
1 1
773 170
2 1
1672 1315
1972 3411
2 1
361 54
39359 8039
2 2
5100 15891
3913 1349
2 1
1 4
1 1
2 1
11176 9259
250573 181473
2 1
31 19
2854 3438
2 1
31670 258312
6 1
2 1
1 3
6920 48038
2 1
2192 12323
470511 189255
2 1
38 125
16645 21372
2 2
3078 7366
3812 3290
2 1
476 175
8 2
2 2
241 389
11 13
2 1
1 1
17203 40877
2 2
76740 102433
8101 563
2 2
18 10
3 3
2 1
1 2
52 3
2 1
15636 44882
5115 7995
2 2
3 2
2683 5719
2 1
481895 228909
41571 5821
2 1
123077 100383
3 2
2 2
24 12
16 13
2 1
1 1
57 54
2 1
1920 627
22 73
2 2
315 62
74 164
2 1
1783 16307
45 17
2 2
29965 14601
663 1857
2 2
228 242
1709 518
2 1
589 107
204427 94191
2 2
15049 22293
12257 11050
2 1
2 2
1380 1405
2 1
4423 11606
409 786
2 1
2 20
27424 87586
2 2
1 1
990 240
2 2
654 675
98652 124276
2 1
400 162
11162 22536
2 2
431894 303900
1 1
2 2
1 2
1 1
2 1
1 2
4 2
2 1
3282 4320
41 47
2 1
60 12
37479 32440
2 2
1 1
2 2
2 2
8 1
220 157
2 1
15871 1770
47 60
2 2
108487 442543
4 5
2 1
89 497
151 243
2 2
121 426
1113 16719
2 1
124181 101128
546 512
2 1
20 88
234515 74087
2 2
19543 13786
23393 50446
2 1
1 1
22 13
2 1
169732 28115
2 1
2 2
40 13
4 8
2 1
14954 29155
56 9
2 2
7366 1504
455 936
2 1
45750 127271
3 124
2 2
480 682
914 2846
2 1
21825 12278
1 1
2 1
1 1
4560 69749
2 2
2600 644
15 35
2 1
26252 26642
836 2649
2 1
6 4
29 13
2 1
11132 44342
16 9
2 1
38 58
490 165
2 1
3 27
3 1
2 1
549 681
5 1
2 2
3 6
295 398
2 2
15 12
1399 869
2 2
13453 14876
88 13
2 1
28 32
56 411
2 2
1827 1494
2 3
2 2
361 953
1 8
2 1
5 6
5 2
2 2
3 3
3 4
2 2
2 8
1 1
2 2
5483 4791
3091 2929
2 1
2 2
15 18
2 2
493 1
53 54
2 2
33 41
9 22
2 2
13009 5590
263684 65751
2 1
23437 1657
1 1
2 1
1 1
10 11
2 1
33526 12962
40 21
2 2
2 5
173 251
2 1
104 54
2046 191
2 2
21 22
8665 6187
2 2
1787 2428
484 557
2 1
84175 192024
4 1
2 1
30 120
21473 19866
2 1
107 34
151095 140093
2 2
11160 3193
4 5
2 2
4 3
251 31
2 1
1 1
12 224
2 1
242 216
1345 251
2 1
25416 9296
242 5
2 1
57240 13436
10 9
2 2
2 2
13580 10451
2 2
26588 19562
6916 8958
2 1
177462 9419
2488 3914
2 1
4 12
7 71
2 1
12 12
60472 95754
2 1
699 942
3 4
2 1
7 15
1 1
2 1
20874 53243
84 110
2 2
2 2
47 57
2 1
2 2
280 231
2 1
23 2
1 1
2 1
6761 4122
2 8
2 1
1445 478
2 2
2 2
23087 9718
169 478
2 2
126074 507759
40347 45874
2 2
23691 30064
234648 142037
2 2
15 3
7 3
2 2
207113 135254
13 1
2 1
26989 15529
1 9
2 2
1 1
70 37
2 2
3552 2481
3111 3824
2 1
3 1
7464 7359
2 2
1508 5868
51 54
2 2
3 7
28286 6778
2 2
224 2
3061 919
2 1
8 11
17641 11816
2 2
5117 231
183715 96729
2 1
6 1
141503 138812
2 2
26494 81130
345 458
2 2
1 37
52 234
2 1
1 1
8 9
2 1
5 5
45592 63869
2 2
5096 2574
661 500
2 1
9 4
48844 11374
2 1
6 1
1620 1303
2 2
4 1
851 1619
2 2
14917 60956
227 1587
2 2
4 3
1 1
2 1
6627 117223
13320 11862
2 2
10969 43114
8 2
2 1
30310 18404
67384 21398
2 2
73333 126816
20 109
2 2
30802 15685
8341 17555
2 2
730 9029
196 602
2 2
55922 106981
423 73
2 2
3 4
1 1
2 2
49677 125204
9364 17837
2 2
13 11
41 12
2 1
13097 3915
11 32
2 1
26808 11187
10 13
2 2
188612 67526
64849 83586
2 1
6252 4100
36510 27335
2 1
11913 12708
49472 84693
2 1
650 64343
19 8
2 1
42806 100077
67 111
2 2
35458 98538
165765 166337
2 1
5132 7271
252256 254660
2 2
14 42
42791 124550
2 1
26841 97356
3 3
2 2
16 7
1 1
2 2
7517 7296
1 4
2 2
2 2
1 1
2 1
505 332
1848 436
2 2
5 420
256518 303666
2 1
42628 164016
39278 17765
2 2
157078 149057
23 27
2 2
22058 17579
28681 6535
2 2
4 86
2816 7073

```
Your Output:
```
249961726
1959115060
1381485
124286
4953528
80280
480
73370
9404413788
55916
2063236
12598057890
880785
1544119850
925808
860
2
5231648
12213200
29074
4308525
272
627
1323504
38703097
31
2
339
1
6624500
11154
46165766292
455542290
770
340548
4354
568
2061281082
12548800
192
783624
16
62446644
3804550720
941125
1637664
1831568
40
4559445
192
6045560
904
819429784
1073538
1582
1
1815
30426
4183272
2428
132405
9282
1751156
13936
177985
214044
840
5328
261
264818970
180
263403
3528
8055678
5481361776
64045685
35680
700
23725
247
9539468441
3400450
13122
342886
4240
8743648
1428
2
32163
8407666
58804
62550759
8257850
190
36269055
60
53250400
759348
409480
60
94860
8166600
997117520
60379
129168
41
819215847
558412
324600
32230
2081802450
236042910
1764378945
151952
1892
2184
10330
106947
3638580
25191593
7
987918
91516
3849984
75
757945683
6843
1820
37273627
3104
200760
925803
782772
14601
230595
4735649
1777860
798930
243
183956664
146309574
11123920
1833318
14450
2835
15120
61568
68607
952
2112461576
323
4110
252476
37228
48912
248
5264544
25158
21
45471384
2285764104
2994303208
4082484
85136804
119
95762344
7399
132164
3310
31537
26037800
1456686
1944
22821
9392771
24
8590110
238
92468
21
6
470
968
3718836913
1601964
1246130754
6353890560
17548
55
199800
6205980
5011215
268
375
1
82368
227048
285
40470462920
31797
1142622
105636
2805
2
3830176
4
6044
3
5026
27838
3
103161
16833
3950652
1208926
1030260
1348674
11
12825
204672
24660
15890
2640944570
44322
11
494
4704
375437160
360230
214635
10234
120028
3977350
670280
1880
862640
168
1
263044320
21843934
18992919
3633602
727
36
1441906860
608823
17157616
600609456
86673768
16490558260
155
13748247306
1429463965
1449622
8548608
324366
31977
6254
465192
20876670
406294
18
229827
469170522
347155636
931446
2550
16
409084848
4950
54207
11095855
394600
34887168384
144048
6
307720
1960
428
13843004
1890
16
88882398
11072100
91730939904
258696
662130012
16484
112
4774
211
17979880
4084096
20373913062
457080
8856
741478
602
25518460
17583
23348
1696
4626076
944
26622456225
966322
302756936
337972690
16803448
23556
3156
1320
3283134
66111
2249586696
13784
8446284
26616
2545
22256
121513
10426
1854797408
5376590208
788540
4
3510
1422
38474154
226380
12
38160
357821256
2379
1153161
6489207465
12
51
11
318
25648
28
1548098
1721710
12454650
1352287
3512568
63752
1392
13887942
102621376
67731864
3878728084
1
93993
518580
217437
430
17565684
8262
1739
106
348852
284968
613752953
1054
19679
62715024
42872
116877
3786
66269
113339
4506889
540
1043936
4694040
1810
47702
6266272
5443
4539
2
14600705
590811
71840
113894
36
4905
72
1884557877
3211
8619246
409670
36772
44550
30805
65156
187
1362
1468500
297127
189702720
53920
13224321
7187102
610
19497242
323840
677
4
4377785
3409
1014
19
1040368
25
307824
469364776
6
1066107
677424
102
10139294
1542
1236
154
7
15120
687660
15
46121
57630
81947
60242
34144
6288
6315969
5712
3
750
58732
19219132
10428
147016
4044
120246
2015607
25915854
17701635
20575726
618311053
969720
3700080
10018326
405392
10496
187788
15003
7
36
407094
2973221024
156366
2615008
1596
587
6792
346583524
103632
175
254358
2079
425586
248364
144585520
398750310
5105800
5522
3
54378
2061828
709973
78
6770
129388
258296
269360
3126
29
41558336
54194589
222432
5133350
515942728
46320
649
9336
34549
14973
55245840
26
144
8200
49323384
1750
149009710
573950
48936
1205664
4
889902
28698162
672
620776
529
99684
14707
3532738820
111
2418832
184072
313209
15132
1836
2
366639
4
115918750
108508
1068
71835
2531676600
4641
12
1
472530747
65004770
244702714
165
60224710
129450
42400
21014
143203200
4060
294855
228496
606000
4
7300
544
12313
1042176
3500
31344
10
3514896
32148930
53641
1280
47726
22385
1215071
8196352
135
7650
27853380
3475092
85739
12034944
12773
852223
119004
21154
2744
8206
115248178
2772029
672
46020
4232538
228403
1928
1676304
1
5693409429
40950
2312
740
96698
539748
23476508
2442
67151
52734
112
19453512
14098941
3450
4968
546560
74476
36981
1970
762
1812631
11660
71790
90260800
3234
1628090
549704288
18047817
1032600
1549881909
16400
2020
18247652
4
6864
247
13706
1192487
3683700
109861406
179149488
2356941168
1
54498912
5735320
159180
17273
39366
6318
60
3771
2278964072
246260
106502
262856
2503798
3984
12
32565
19915443
710
700
35
11536
69519
33396
171892
29815
73465821
504
8
361774
4185709
22689
11935
271
62360574
20357520
4702000286
15636195
4962096
1690905700
2100892872
2315
247783
133712546
705
310
292134
1
1196
26683146
2135683
2188830
14691
33329705
344197
11
44
217
42
9
96600
160653189
2433908440
9367
272034
189
2306
1958670
798
5914335
1426
53404
134502957
1770
3036
210
21896
701044850
12988
278993
23860200
1064
18207
9035880
3956940
3422
180
18
9576
5593
70153
114580
219
5657025
215
1710660
138600
2387793380
250025
1612
533439549
14483648200
4053404
7
8
6960
279444
69312
6009005037
469712
1
197340
33547351
6
5780495
7758712
2277354
2450990
364
17
4002
6310
8055960
728450
168
5847787
30015
852
4190634
11244
17854000
17955
1095600
6
47592
462
420205
545356
8549
41990
292
46
63
22184
1452568
27729
382690
18567482
18
1954
1908540
7689497199
2738
30206315672
840
477176
56
13695
46
2217112875
28616600
392
10491
47906224
183148
708721488
2355850
5126955
53505
1010594070
328372
29440
385760
13010
51410
1
9383814
2223133464
370598
11046448
2082588713
2
18911088
1325712
138
1444300
14544
268544472
4
662744618
87296
3564
1700
1675940
972296
1524798
21150
85878295
25399137468
432334
351324
64177402
210
3364632
82175
1232
6
10536
860528240
150
529254
227171140
35665
132
261234
438696
459750
20
16227120
1454355
23422
16099183
6954875473
3236961
13878425600
6
509046
28
3123456
258664
2541
40321164422
1992468
26300
14184
53262
3
3225387
105624432
774
79
9574086
106812
230
32640
230044
123422
56
57078
752556
182
35920
3240
763500
55515
279920844
12
522150
2118708
100386
26130
3920
144
443744
115101
780808
18111500
20304
132671
26000
4725
118995
176712760
8421
668967
454491
7
75635
6
78344
136648
681428
24777975
33288
1
957
276
43134
706237
15660
416904192
993192
2934
12409451522
12790366
561048
128519175
33604512
304065
36269694
5909
40645
1
11809764
14
1056027
25888140
107298975
860
26633475
93672
12306
102704
50875544
188361
29396556
748129500
556392
2380
328774
24
33063
14224730
1638483
378
25774655
1360
15136
237850
9312
29565
93568068
164
29564423744
28939
184
21182550
51018
23
200070
374220
44
1453956
3409
225327312
14483080
90275
368753
423
827920
81448
1839
19011
667096584
160
213665431
56520
5953392
477802
50267
669645
16
48179835
362500413
29529
414868
3943226400
104321920
144
1977850
231
15417610
105
69316
682
75
7846210
3470302536
84591000
1026228
56952
1091
952
947831430
214
20452822
11518
9
1276
178825
180332208
6464060
7
98647773210
9162167
13
160015646568
1656
1
298008
1297738
12846870
228652032
5422578
129464
8224
110748
28032837
1094142
33711942
274253
1106784
126
28
2565535
16226
44836
5873010
964982
9180270
26723584
178524
162357
3388
22821388
3826144
26002432
180402
186473
20439
24504
139764286
3853500
79712
28210
497502
174
2590
2
48239898
80073
1970191872
120006
7720
666
2649
79147
43314354720
21833050
1018808
7281
597042
320667
68162
97925271
938412861
5
6044
115698944
49604555
2255066
196
546693294
1852416
1779673
793944
82920220
3304
51
137736627
24
821304
18706044
5662930
412
133452
34275
228525
24128
2206490
200888
4416
848965
168066
3784
2883
170818
6
120152073
4280
470
52812
43825
319936
54
13893672
63328246093
10769187
1657900
46517745150
3724877
1488560
612265269
128820
155014
11921300
8779944
93076
306
411364668
5011136
1092436
291
855414
1220
77726
383640
14563095840
1323
1541190
556416
3725775
3629
622748
170730000
2039121656
31568
67424830
1458
4874121
54820
65618000
93
2
1332
45160978
7161
13767381
540640762
82120
3
39510540
10046
604891833
394400
38
756616
8
3608
31
15015
1940
246030
32490038
1025423
1737
474
8
68768
5
24990
67681140
237
410352
132715355210
20027393
17746513
394403
16676604
1712
27
158912679
21
58
6072990
40092
1146366
33
588
12054
32
910322
24453
1995
94035
938600
183213030
23192
8910
301074
29146572
2097708
9420
24320
883995
2867628
369330
4698111
3952294
15366
32358
3392044
188
12735
95756
45541260
101609
759046
119054400
82590468
3

```
Expected Output:
```
249961726
1959115060
1381485
124286
4953528
80280
480
73370
9404413788
55916
197774
12598057890
880785
1544119850
925808
860
2
5231648
12213200
29074
4308525
218
585
1083302
38703097
31
2
339
1
6624500
11154
46165766292
455542290
770
340548
4354
484
461917016
12548800
192
137880
16
62446644
3804550720
941125
1637664
397908
40
4559445
192
6045560
904
819429784
993741
1582
1
1815
30426
4183272
2428
51612
5525
1751156
13936
177985
214044
840
5328
261
264818970
180
263403
3528
8055678
5481361776
64045685
35680
280
23725
247
9539468441
3400450
13122
342886
4240
8743648
1428
2
32163
8407666
58804
62550759
2548091
190
36269055
60
53250400
759348
236070
60
94860
8166600
997117520
60379
129168
41
819215847
558412
324600
32230
2081802450
236042910
967012740
151952
1892
114
10330
106947
2023944
25191593
7
987918
91516
3849984
75
757945683
6843
1820
37273627
3104
200760
925803
782772
14601
230595
4735649
1777860
798930
243
183956664
146309574
11123920
1833318
7198
2835
15120
61568
68607
635
2112461576
323
4110
252476
37228
48912
248
5264544
25158
21
45471384
2285764104
2994303208
4082484
41837016
119
95762344
7399
132164
3310
31537
26037800
1456686
1944
22821
9392771
24
8590110
238
92468
21
6
470
968
3718836913
1601964
1246130754
6353890560
17548
55
199800
6205980
5011215
268
375
1
53534
227048
285
40470462920
31797
1142622
105636
2805
2
3830176
4
6044
3
5026
27838
3
103161
16833
3950652
1208926
1030260
1348674
11
12825
192004
24660
15890
51654240
42606
11
494
4704
375437160
360230
214635
10234
24117
3977350
670280
1880
686392
168
1
263044320
21843934
18992919
2781919
727
36
1441906860
608823
17157616
600609456
12826814
5648122448
155
13748247306
1429463965
1449622
8548608
324366
31977
6254
465192
19663296
299940
18
229827
469170522
347155636
931446
1792
16
409084848
4950
47439
11095855
394600
34887168384
144048
6
307720
1960
428
13843004
1890
16
88882398
11072100
26342277915
258696
662130012
16484
112
4774
211
17979880
4084096
20373913062
457080
8856
741478
602
25518460
17583
23348
1696
2721294
944
26622456225
966322
302756936
337972690
16803448
23556
3156
1320
3283134
66111
2249586696
13784
8446284
26616
2545
22256
121513
10426
1854797408
5376590208
788540
4
3510
1422
38474154
226380
12
38160
357821256
2379
1153161
6489207465
12
51
11
245
22935
28
1548098
1721710
12454650
1352287
2718848
63752
1392
13887942
102621376
67731864
3878728084
1
93993
518580
217437
430
10967176
8262
1590
106
348852
208902
613752953
640
19679
46257456
42872
116877
3786
66269
89908
4506889
540
1043936
4694040
1810
47702
6266272
5443
4539
2
14600705
590811
71840
113894
8
4905
72
1884557877
3211
8619246
405916
36772
44550
30805
65156
187
1362
1468500
147380
189702720
53920
13224321
7187102
610
9196071
157480
677
4
4377785
3409
1014
19
1040368
25
307824
469364776
6
1066107
677424
102
10139294
1542
1236
154
7
15120
687660
15
46121
57630
81947
60242
34144
6288
6315969
5712
3
588
58732
19219132
6598
147016
4044
120246
2015607
25915854
17701635
20575726
618311053
969720
3700080
10018326
405392
10496
187788
15003
7
36
407094
2973221024
113045
2615008
1596
587
6792
346583524
103632
175
254358
2079
425586
248364
144585520
398750310
858417
2352
3
50358
2061828
709973
78
6770
129388
258296
269360
3126
20
41558336
54194589
222432
5133350
224615280
46320
649
9336
34549
14973
55245840
26
144
8200
49323384
1750
149009710
573950
48936
1205664
4
889902
28698162
672
620776
529
99684
14707
3532738820
111
2418832
184072
313209
15132
1836
2
366639
4
115918750
108508
1068
71835
2531676600
4020
12
1
472530747
65004770
244702714
165
60224710
129450
42400
21014
143203200
4060
294855
228496
606000
4
7300
544
12313
1042176
3500
31344
10
3514896
32148930
53641
1280
47726
22385
1215071
8196352
135
7650
27853380
3475092
85739
12034944
12773
852223
119004
21154
2744
8206
115248178
2772029
672
46020
4232538
228403
1928
1676304
1
5693409429
40950
2312
740
96698
539748
23476508
2442
67151
52734
112
15952200
14098941
260
4016
546560
12803
36981
1970
762
1812631
11660
71790
90260800
869
1628090
549704288
18047817
1032600
1549881909
16400
2020
8432242
4
6864
247
3200
1192487
3683700
68141400
179149488
2356941168
1
54498912
5735320
159180
17273
39366
6318
60
3771
2278964072
246260
106502
262856
2503798
3984
12
32565
19915443
710
700
35
11536
69519
33396
171892
29815
73465821
504
8
361774
4185709
22689
11935
271
62360574
20357520
4702000286
6943735
4938330
1690905700
483702978
2315
247783
133712546
705
310
292134
1
1196
7604784
2135683
2188830
14691
33329705
344197
11
44
217
42
9
96600
160653189
2433908440
9367
272034
189
2306
997218
798
5914335
1426
53404
134502957
1770
3036
210
19136
281621556
12988
67560
23860200
1064
18207
9035880
3956940
1953
180
18
9576
5593
70153
114580
219
5657025
215
1710660
138600
2387793380
250025
1612
533439549
14483648200
4053404
7
8
6960
279444
69312
6009005037
469712
1
197340
33547351
6
5780495
7758712
2277354
2450990
364
17
4002
6310
8055960
728450
168
5847787
30015
852
4190634
11244
17854000
17955
1074927
6
47592
462
420205
50384
8549
41990
292
46
63
22184
1452568
27729
46476
18567482
18
1954
1908540
7689497199
2738
30206315672
840
477176
21
13695
46
2217112875
28616600
392
10491
47906224
183148
708721488
731936
5126955
53505
1010594070
328372
29440
385760
13010
51410
1
9383814
2223133464
370598
11046448
2082588713
2
18911088
1325712
138
1444300
14544
268544472
4
662744618
87296
3564
1700
1675940
916692
1524798
21150
85878295
25399137468
432334
351324
64177402
210
398760
82175
1232
6
10536
860528240
150
529254
227171140
35665
39
261234
352671
422440
20
16227120
1454355
23422
16099183
6954875473
3236961
13878425600
6
509046
28
3123456
258664
2541
40321164422
1992468
26300
7005
53262
3
3225387
73573695
774
79
9574086
106812
230
32640
230044
111726
56
57078
752556
182
35920
175
763500
55515
279920844
12
522150
1437250
100386
26130
3920
144
443744
115101
780808
18111500
20304
132671
26000
4725
118995
176712760
8421
668967
454491
7
75635
6
78344
136648
681428
7572208
22799
1
957
276
43134
706237
15660
416904192
993192
2934
12409451522
895770
561048
128519175
14940384
257840
36269694
5909
40645
1
11809764
14
1056027
25888140
107298975
860
26633475
93672
12306
102704
50875544
188361
29396556
748129500
439649
2380
328774
24
8568
14224730
1638483
378
22425214
1360
15136
237850
9312
29565
93568068
164
29564423744
28939
184
21182550
51018
23
200070
374220
44
1453956
3409
225327312
14483080
90275
368753
423
827920
81448
1839
19011
667096584
160
213665431
56520
5953392
133408
50267
669645
16
48179835
362500413
29529
414868
3943226400
24248448
144
1977850
231
15417610
105
69316
682
75
7846210
3470302536
84591000
1026228
56952
1091
952
947831430
214
20452822
11518
9
1276
178825
180332208
6464060
7
98647773210
9162167
13
160015646568
1656
1
298008
1297738
12846870
228652032
5422578
129464
6214
110748
28032837
1094142
33711942
274253
1106784
126
28
2565535
16226
44836
5873010
964982
9180270
26723584
178524
162357
3388
22821388
3826144
26002432
180402
186473
20439
24504
139764286
3853500
79712
28210
497502
174
2590
2
48239898
80073
1970191872
120006
7720
666
2649
79147
43314354720
21833050
1018808
7281
517472
320667
68162
86018914
938412861
5
6044
115698944
49604555
2255066
196
546693294
1852416
1779673
793944
82920220
3304
51
64500972
24
821304
18706044
5662930
412
133452
34275
228525
24128
787752
200888
3213
848965
85943
3784
2883
170818
6
120152073
4280
470
52812
43825
319936
54
2668080
63328246093
10769187
1657900
46517745150
3724877
227040
612265269
68785
155014
11921300
8779944
93076
306
411364668
5011136
556936
291
855414
1220
77726
383640
14563095840
1323
1541190
556416
542092
3629
622748
170730000
2039121656
31568
67424830
1458
4874121
54820
65618000
93
2
728
45160978
7161
10751106
540640762
82120
3
6918310
10046
604891833
360240
38
756616
8
3608
31
15015
1940
246030
32490038
1025423
1737
474
8
68768
5
24990
67681140
237
410352
132715355210
10378857
17746513
394403
16676604
1712
27
158912679
21
58
6072990
40092
1146366
33
588
6160
32
910322
24453
1995
94035
404396
94073200
23192
3102
301074
29146572
2097708
9420
24320
883995
2867628
369330
4698111
3952294
15366
32358
3392044
188
12735
95756
45541260
101609
450534
119054400
82590468
3
212472
879989540
677866883
12381
11132280
128780
1851
```
Error Analysis: Line 11: Got '2063236', Expected '197774'
Line 22: Got '272', Expected '218'
Line 23: Got '627', Expected '585'
Line 24: Got '1323504', Expected '1083302'
Line 37: Got '568', Expected '484'
Line 38: Got '2061281082', Expected '461917016'
Line 41: Got '783624', Expected '137880'
Line 47: Got '1831568', Expected '397908'
Line 54: Got '1073538', Expected '993741'
Line 61: Got '132405', Expected '51612'

### Your Task
Fix the C++ code to pass ALL test cases (including hidden ones).

### Critical Guidelines
1. Focus on algorithmic correctness - NO hard-coded values or special cases
2. Ensure proper data structures and complexity (aim for O(N log N) or better when possible)
3. Handle edge cases (empty input, single elements, max constraints)
4. Use standard C++20 features; avoid non-portable code

### Output Format
Provide ONLY the complete fixed C++ code in a single ```cpp block.
