-1
-1
-1
-1
-1
-1
-1
-1
-1
-1
-1
-1
-1
-1
-1
898
-1
-1
-1
-1
1740
-1
1387
-1
-1
-1
-1
-1
-1
-1
-1
1964
-1
-1
-1
-1
-1
-1
-1
-1
-1
-1
-1
-1
-1
-1
-1
-1
-1
104
-1
-1
363
370
-1
-1
-1
-1
-1
-1
-1
-1
1384
-1
2040
-1
-1
2047
-1
-1
-1
-1
-1
-1
-1
-1
-1
-1
-1
-1
-1
-1
1515
2051
-1
-1
-1
-1
-1
-1
-1
-1
-1
-1
-1
-1
-1
-1
718
-1
-1
-1
-1
-1
1314
-1
-1
-1
1549
-1
-1
1132
-1
367
-1
-1
1195
-1
-1
-1
-1
-1
-1
-1
-1
-1
-1
-1
-1
-1
-1
-1
-1
-1
62
-1
-1
-1
-1
-1
-1
1068
-1
-1
-1
-1
-1
-1
-1
960
-1
-1
-1
-1
-1
896
-1
-1
1205
-1
-1
1191
-1
-1
-1
-1
-1
993
-1
-1
1041
-1
-1
-1
-1
-1
1822
-1
-1
-1
-1
-1
-1
-1
-1
-1
-1
-1
-1
1895
-1
-1
-1
-1
-1
-1
-1
-1
-1
-1
-1
-1
-1
-1
-1
-1
-1
-1
-1
-1
-1
-1
-1
1605
-1
-1
-1
-1
-1
-1
1569
141
-1
-1
-1
-1
-1
-1
-1
-1
1192
-1
-1
2104
1310
-1
-1
-1
-1
-1
-1
-1
-1
-1
-1
-1
-1
-1
-1
-1
-1
-1
-1
-1
-1
-1
-1
-1
-1
-1
-1
-1
-1
-1
-1
-1
-1
-1
-1
-1
-1
1048
-1
-1
-1
-1
-1
-1
1638
-1
-1
-1
-1
-1
-1
-1
923
-1
-1
-1
-1
-1
-1
-1
-1
-1
-1
-1
-1
-1
-1
-1
108
449
-1
-1
-1
-1
-1
-1
-1
-1
1582
-1
-1
-1
346
1425
-1
-1
-1
-1
-1
-1
-1
-1
-1
-1
-1
-1
-1
588
1150
-1
-1
-1
461
92
-1
-1
-1
-1
-1
-1
-1
-1
-1
909
-1
1998
-1
-1
234
-1
-1
-1
-1
-1
-1
-1
2095
-1
-1
-1
-1
-1
-1
2124
-1
250
-1
-1
-1
-1
-1
-1
-1
-1
-1
-1
1820
-1
-1
650
864
-1
-1
-1
-1
-1
-1
-1
-1
-1
-1
579
-1
-1
-1
-1
-1
-1
-1
-1
-1
-1
-1
-1
-1
-1
-1
-1
-1
-1
-1
1396
-1
-1
-1
-1
-1
-1
165
344
-1
1778
-1
-1
-1
733
-1
-1
-1
-1
-1
-1
-1
-1
-1
-1
-1
-1
-1
-1
-1
-1
-1
318
-1
-1
-1
1190
-1
-1
-1
-1
-1
-1
1152
1270
-1
-1
1382
-1
-1
-1
2151
-1
-1
-1
-1
-1
-1
-1
1204
937
-1
-1
-1
-1
-1
-1
-1
-1
-1
1662
-1
-1
-1
-1
-1
-1
-1
-1
-1
-1
-1
-1
-1
-1
-1
-1
-1
-1
-1
-1
-1
-1
-1
1449
-1
-1
-1
-1
-1
-1
-1
-1
-1
-1
243
-1
-1
258
-1
-1
-1
-1
-1
1778
-1
-1
-1
-1
-1
1569
-1
-1
-1
-1
847
-1
-1
-1
-1
-1
-1
-1
176
-1
-1
-1
-1
-1
-1
595
-1
1442
-1
-1
-1
-1
-1
-1
-1
-1
-1
-1
-1
-1
-1
185
-1
-1
2018
-1
904
-1
-1
-1
-1
-1
-1
-1
-1
-1
-1
-1
-1
1013
-1
-1
1136
1639
-1
-1
-1
-1
-1
1318
-1
-1
-1
536
-1
-1
-1
-1
-1
-1
1217
-1
-1
-1
415
461
-1
-1
-1
-1
-1
-1
1152
-1
-1
-1
2160
-1
-1
177
-1
-1
-1
-1
-1
-1
-1
-1
-1
-1
-1
-1
-1
-1
-1
-1
-1
1547
-1
-1
-1
-1
-1
-1
-1
-1
1346
-1
-1
-1
-1
782
-1
2075
-1
-1
-1
-1
-1
-1
-1
-1
-1
-1
-1
-1
-1
-1
-1
-1
-1
-1
-1
-1
1711
-1
-1
162
-1
2044
-1
-1
244
847
-1
26
-1
-1
-1
-1
-1
-1
-1
1775
375
1562
-1
1712
-1
1507
-1
-1
-1
-1
-1
1910
-1
-1
1672
-1
-1
-1
-1
-1
-1
624
1871
-1
-1
1376
-1
622
-1
-1
-1
-1
-1
1960
899
-1
2135
-1
79
-1
-1
-1
-1
-1
481
-1
-1
-1
1242
-1
1851
-1
-1
-1
-1
1527
-1
-1
-1
-1
-1
-1
-1
1378
-1
1498
2101
-1
-1
-1
-1
-1
1434
650
-1
-1
-1
-1
831
-1
-1
-1
-1
-1
1768
-1
-1
-1
1817
-1
-1
-1
-1
-1
1639
-1
-1
-1
-1
-1
-1
-1
-1
433
1800
-1
-1
-1
1755
575
-1
-1
-1
-1
-1
-1
-1
-1
-1
-1
518
-1
-1
138
-1
-1
-1
-1
1119
109
-1
-1
-1
-1
-1
329
-1
1474
-1
491
-1
1820
-1
-1
-1
1878
-1
-1
995
-1
-1
737
100
-1
1969
1691
-1
1695
-1
1666
-1
376
-1
-1
871
-1
-1
-1
-1
-1
1929
2084
-1
-1
-1
-1
-1
-1
-1
-1
220
-1
-1
-1
-1
1339
-1
1513
-1
-1
-1
-1
-1
-1
-1
-1
1974
-1
-1
1620
-1
-1
-1
-1
-1
-1
1620
-1
2046
773
-1
-1
1453
-1
995
-1
-1
2094
-1
-1
-1
1256
-1
-1
-1
663
722
-1
-1
1757
1871
-1
1964
-1
-1
-1
-1
-1
