81104715
87717313
48702720
21943516
24630826
28679392
60806289
40299857
57167540
100000001
65300480
100000001
87823303
40303505
100000001
20695087
100000001
100000001
66508962
14192136
94585262
11369116
16546425
54278457
16814056
73714284
50936796
88630791
58347654
55294738
92044478
78695890
84893994
12212758
100000001
35431604
16385994
100000001
85059679
12079313
4434126
78700723
47872254
31659835
62797938
100000001
57229840
100000001
8262800
21859855
100000001
19767777
66816223
26246170
270015
33706117
26267876
82127188
87974047
10070772
6540700
100000001
2326841
100000001
97700193
100000001
37182631
16111337
100000001
19260664
78957982
40488751
65555338
100000001
23869802
45044489
59546087
100000001
90879393
67892897
2678996
100000001
41672038
101632
52950026
64346651
28072600
50464420
34378697
100000001
100000001
20373169
100000001
43952267
47180870
39436255
46933964
63634148
42098951
63947560
2130657
55579239
9309216
31548152
78060098
51504928
100000001
100000001
20534205
100000001
100000001
69071330
388157
89486288
63607040
44238851
10045968
97338532
52037655
31366914
19154026
13924450
72579133
100000001
37258017
25695786
97808091
18008697
26763056
100000001
69825604
32854340
100000001
100000001
100000001
82008380
100000001
34193120
10399508
54946914
12228371
86007845
59444235
76622422
100000001
100000001
95721289
89648802
100000001
19034938
100000001
7974848
100000001
21954570
84512782
100000001
100000001
81868804
100000001
8934179
17684695
67485432
18862939
44565903
30603993
100000001
48847876
30302678
63517941
5766160
56053788
100000001
100000001
100000001
40486928
83621399
100000001
19829798
94992422
32462454
100000001
29447581
21127042
68478703
81717338
3684691
6441092
2942024
100000001
100000001
27100324
65248857
100000001
67535816
73955381
49458063
100000001
25863789
100000001
3974537
14891321
100000001
46281453
91343496
27760970
6076785
71087296
12012827
64534175
100000001
20970528
100000001
40769707
62312228
100000001
14580637
38567274
85191343
100000001
77745924
70751313
31731275
98771837
50277325
97721146
100000001
25260419
55964583
16986768
39510198
25248690
100000001
78791320
100000001
100000001
37528054
1415868
32049370
8515954
32027044
51642857
95303606
8714706
17331684
8297597
100000001
100000001
63786509
28710328
21504721
43750084
13898207
12937389
54316837
84504027
90843464
52027232
42099041
68581037
100000001
6480603
100000001
52952090
100000001
100000001
23878789
41963282
100000001
16059496
100000001
62006982
12480802
60552010
77557300
4449852
3280588
70357174
90077224
59784865
100000001
89989622
21473732
100000001
47687429
11570459
9247069
13218916
89324587
100000001
56960534
98803347
54489884
100000001
93871563
93765517
38500554
2288319
100000001
100000001
100000001
100000001
100000001
26996383
78798616
100000001
65636003
100000001
16185517
5101277
96392407
100000001
94062436
100000001
12170859
100000001
100000001
32894614
54032888
100000001
67112069
25693331
100000001
99333672
51137507
55587914
76806922
100000001
100000001
100000001
98579406
100000001
57731315
100000001
78758057
12725297
100000001
46608761
31532518
100000001
84832916
90475676
95986535
22791485
100000001
100000001
18780959
12332045
11325384
12614554
53003844
92390275
100000001
18605342
100000001
42275079
100000001
91399882
100000001
58207529
55501572
32344737
50217426
63648860
100000001
7005730
13716041
22027673
100000001
79023013
100000001
23017411
52144959
12448637
89735620
100000001
13090574
86758153
94629975
27088329
49909060
55052969
19178042
50547218
88004233
53308911
100000001
26401102
100000001
29585012
55789348
35786204
35589539
27447331
35915091
78687800
87980315
76053412
15831529
71524761
49226157
34816572
88532666
40188997
48346293
323481
100000001
100000001
96813055
36293112
100000001
22144651
3494825
100000001
46709896
58913733
57183547
100000001
28494145
24130264
100000001
8372309
63369796
100000001
100000001
89127436
61151402
100000001
100000001
100000001
40922072
100000001
67065634
100000001
20225943
31533193
72599591
100000001
100000001
14371208
40666092
30785110
100000001
67995156
65207691
12156675
80372097
54060736
27738068
100000001
71938411
123037
100000001
2485868
19632152
957335
35589570
100000001
50211159
100000001
76504211
20811058
32913948
9567821
69042254
64784249
8569608
14143948
100000001
71123711
100000001
53351719
64639834
52461341
45242171
96368271
93639929
43707191
21295170
54441748
100000001
83185983
100000001
12530289
100000001
11540081
32726860
100000001
60372876
52513109
31806072
53517305
100000001
64697503
4654809
36859748
100000001
100000001
100000001
40849956
10242808
100000001
100000001
14382137
97570821
71284332
34349072
843009
10685528
100000001
20744344
100000001
69576452
26378407
90265402
22970943
90098107
59079056
430299
21445934
66290009
100000001
100000001
89049091
100000001
1502241
69286222
2950038
93910656
85121821
11351494
46148532
19910130
87523429
70797154
31968041
41151245
25456249
27414864
100000001
13395325
50155120
42524965
98859412
63432326
9026716
53775588
48322368
100000001
17674116
85196289
38749925
11403434
100000001
100000001
19195254
32865125
30732324
53999618
29641116
81257141
21799367
7032460
40228017
55451828
94000406
12082615
15258119
100000001
100000001
100000001
92703742
21865840
9903431
81084474
49819890
100000001
100000001
100000001
12640044
6047211
32125284
11534708
100000001
68954227
7885749
36145120
37909966
45525974
84465504
40420371
14063163
97131190
100000001
26142760
100000001
93814618
7779620
10560305
55777986
58819102
100000001
84075558
99821981
21244950
8610929
36852144
43131060
68840826
19736754
82399648
64246881
50956788
47233483
35516466
100000001
66836142
46674690
100000001
100000001
55524782
20765542
28327666
54346827
76157419
3228265
100000001
1133115
68736049
74630357
100000001
100000001
24032090
100000001
18772942
100000001
12660640
40353103
100000001
20676940
64795802
60121471
66716685
6562876
100000001
38456063
100000001
100000001
12855919
28284180
48531578
100000001
32234398
33118902
69114125
45858023
100000001
100000001
32723504
10134195
100000001
64309456
37192132
76057570
100000001
5894108
47973445
27943587
37088323
35740690
100000001
100000001
58354952
23995872
10527797
51952856
55480389
57637577
100000001
54715065
51570230
100000001
100000001
452321
70869641
100000001
100000001
30288345
31910180
77064557
68261229
8857672
48196683
6428694
7721577
57127850
42172019
78349796
21635260
63313597
47363216
48606937
34929444
85000515
81129589
80734613
38317902
26492629
53586095
26356372
59625417
95305125
73957705
16745115
17873632
37928010
100000001
100000001
91914987
7143408
34835938
70621294
15440400
38651010
43444085
42197675
100000001
72995564
79690540
96487155
100000001
35783991
61098246
100000001
57333370
1553473
9151766
100000001
11408252
90251539
57290738
9816490
6621890
7919465
15058313
100000001
68362043
69311482
32640515
98916459
100000001
68334465
65650377
87041520
91996999
100000001
100000001
80239186
96124715
77149026
100000001
100000001
15251319
28454322
7826193
100000001
46249107
42087815
21780798
24948520
21724098
1583041
22482242
79852837
52581908
32003351
13666892
105875
16555732
100000001
100000001
31556711
100000001
16820878
39495965
69438127
100000001
100000001
54490262
2892190
100000001
100000001
12757661
100000001
86444309
97841324
92272492
100000001
63834994
100000001
14452676
15805699
43210303
15268557
8768797
8106115
100000001
100000001
100000001
100000001
100000001
100000001
27114882
77107764
84997197
29000430
100000001
16001176
48071936
67308021
19355381
9416141
54792930
69372904
45224281
51406866
27270143
13259717
70365569
70123389
53397410
42763103
25594607
100000001
100000001
46865693
52772149
29147601
52025073
58695862
100000001
63585893
7601440
6562818
81948020
54227038
60029297
67531536
100000001
32620022
12288818
90920278
51053499
55130183
100000001
27700177
71079318
76917214
74160702
65485303
24558131
21137848
64282115
12868727
100000001
100000001
100000001
37040215
12595577
56037442
79765949
1083388
100000001
100000001
98089517
100000001
33849386
6788925
100000001
82061643
100000001
70509530
22919880
98034430
59547156
1888553
969927
85489648
43548495
12376087
100000001
42091480
100000001
100000001
2181218
88639704
10