### Problem Description
patched placeholder

### Your Incorrect Code
```cpp
#include<bits/stdc++.h>
#define INF 0x3f3f3f3f3f3f3f3f
using namespace std;
typedef long long ll;
const int MAXN=2e5+10;
ll a[MAXN],f[MAXN][2],cnt[MAXN][2];
int main(){
    ll n;
    scanf("%lld",&n);
    for(ll i=1;i<=n;i++){
        scanf("%lld",&a[i]);
    }
    for(ll i=1;i<=n;i++){
        f[i][0]=max(f[i-1][0],f[i-1][1]);
        if(f[i-1][0]>f[i-1][1]) cnt[i][0]=cnt[i-1][0];
        else cnt[i][0]=cnt[i-1][1];
        ll cnt1=cnt[i-1][0]+1,cnt2=cnt[i-1][1]+1,num1,num2;
        if(cnt1%2==0) num1=a[i]*2;
        else num1=a[i];
        if(cnt2%2==0) num2=a[i]*2;
        else num2=a[i];
        f[i][1]=max(f[i-1][0]+num1,f[i-1][1]+num2);
        if(f[i-1][0]+num1>f[i-1][1]+num2)
            cnt[i][1]=cnt1;
        else
            cnt[i][1]=cnt2;
    }
    printf("%lld",max(f[n][0],f[n][1]));
    return 0;
}

```

### Failing Case #1
Input:
```
4
1000000000 1 1000000000 1000000000

```
Your Output:
```
4000000000
```
Expected Output:
```
4000000002

```
Error Analysis: Line 1: Got '4000000000', Expected '4000000002'
### Failing Case #2 (Alternative Size)
Input:
```
200000
1000000000 1000000000 1 1000000000 1000000000 1 1000000000 1000000000 1 1000000000 1000000000 1 1000000000 1000000000 1 1000000000 1000000000 1 1000000000 1000000000 1 1000000000 1000000000 1 1000000000 1000000000 1 1000000000 1000000000 1 1000000000 1000000000 1 1000000000 1000000000 1 1000000000 1000000000 1 1000000000 1000000000 1 1000000000 1000000000 1 1000000000 1000000000 1 1000000000 1000000000 1 1000000000 1000000000 1 1000000000 1000000000 1 1000000000 1000000000 1 1000000000 1000000000 1 1000000000 1000000000 1 1000000000 1000000000 1 1000000000 1000000000 1 1000000000 1000000000 1 1000000000 1000000000 1 1000000000 1000000000 1 1000000000 1000000000 1 1000000000 1000000000 1 1000000000 1000000000 1 1000000000 1000000000 1 1000000000 1000000000 1 1000000000 1000000000 1 1000000000 1000000000 1 1000000000 1000000000 1 1000000000 1000000000 1 1000000000 1000000000 1 1000000000 1000000000 1 1000000000 1000000000 1 1000000000 1000000000 1 1000000000 1000000000 1 1000000000 1000000000 1 1000000000 1000000000 1 1000000000 1000000000 1 1000000000 1000000000 1 1000000000 1000000000 1 1000000000 1000000000 1 1000000000 1000000000 1 1000000000 1000000000 1 1000000000 1000000000 1 1000000000 1000000000 1 1000000000 1000000000 1 1000000000 1000000000 1 1000000000 1000000000 1 1000000000 1000000000 1 1000000000 1000000000 1 1000000000 1000000000 1 1000000000 1000000000 1 1000000000 1000000000 1 1000000000 1000000000 1 1000000000 1000000000 1 1000000000 1000000000 1 1000000000 1000000000 1 1000000000 1000000000 1 1000000000 1000000000 1 1000000000 1000000000 1 1000000000 1000000000 1 1000000000 1000000000 1 1000000000 1000000000 1 1000000000 1000000000 1 1000000000 1000000000 1 1000000000 1000000000 1 1000000000 1000000000 1 1000000000 1000000000 1 1000000000 1000000000 1 1000000000 1000000000 1 1000000000 1000000000 1 1000000000 1000000000 1 1000000000 1000000000 1 1000000000 1000000000 1 1000000000 1000000000 1 1000000000 1000000000 1 1000000000 1000000000 1 1000000000 1000000000 1 1000000000 1000000000 1 1000000000 1000000000 1 1000000000 1000000000 1 1000000000 1000000000 1 1000000000 1000000000 1 1000000000 1000000000 1 1000000000 1000000000 1 1000000000 1000000000 1 1000000000 1000000000 1 1000000000 1000000000 1 1000000000 1000000000 1 1000000000 1000000000 1 1000000000 1000000000 1 1000000000 1000000000 1 1000000000 1000000000 1 1000000000 1000000000 1 1000000000 1000000000 1 1000000000 1000000000 1 1000000000 1000000000 1 1000000000 1000000000 1 1000000000 1000000000 1 1000000000 1000000000 1 1000000000 1000000000 1 1000000000 1000000000 1 1000000000 1000000000 1 1000000000 1000000000 1 1000000000 1000000000 1 1000000000 1000000000 1 1000000000 1000000000 1 1000000000 1000000000 1 1000000000 1000000000 1 1000000000 1000000000 1 1000000000 1000000000 1 1000000000 1000000000 1 1000000000 1000000000 1 1000000000 1000000000 1 1000000000 1000000000 1 1000000000 1000000000 1 1000000000 1000000000 1 1000000000 1000000000 1 1000000000 1000000000 1 1000000000 1000000000 1 1000000000 1000000000 1 1000000000 1000000000 1 1000000000 1000000000 1 1000000000 1000000000 1 1000000000 1000000000 1 1000000000 1000000000 1 1000000000 1000000000 1 1000000000 1000000000 1 1000000000 1000000000 1 1000000000 1000000000 1 1000000000 1000000000 1 1000000000 1000000000 1 1000000000 1000000000 1 1000000000 1000000000 1 1000000000 1000000000 1 1000000000 1000000000 1 1000000000 1000000000 1 1000000000 1000000000 1 1000000000 1000000000 1 1000000000 1000000000 1 1000000000 1000000000 1 1000000000 1000000000 1 1000000000 1000000000 1 1000000000 1000000000 1 1000000000 1000000000 1 1000000000 1000000000 1 1000000000 1000000000 1 1000000000 1000000000 1 1000000000 1000000000 1 1000000000 1000000000 1 1000000000 1000000000 1 1000000000 1000000000 1 1000000000 1000000000 1 1000000000 1000000000 1 1000000000 1000000000 1 1000000000 1000000000 1 1000000000 1000000000 1 1000000000 1000000000 1 1000000000 1000000000 1 1000000000 1000000000 1 1000000000 1000000000 1 1000000000 1000000000 1 1000000000 1000000000 1 1000000000 1000000000 1 1000000000 1000000000 1 1000000000 1000000000 1 1000000000 1000000000 1 1000000000 1000000000 1 1000000000 1000000000 1 1000000000 1000000000 1 1000000000 1000000000 1 1000000000 1000000000 1 1000000000 1000000000 1 1000000000 1000000000 1 1000000000 1000000000 1 1000000000 1000000000 1 1000000000 1000000000 1 1000000000 1000000000 1 1000000000 1000000000 1 1000000000 1000000000 1 1000000000 1000000000 1 1000000000 1000000000 1 1000000000 1000000000 1 1000000000 1000000000 1 1000000000 1000000000 1 1000000000 1000000000 1 1000000000 1000000000 1 1000000000 1000000000 1 1000000000 1000000000 1 1000000000 1000000000 1 1000000000 1000000000 1 1000000000 1000000000 1 1000000000 1000000000 1 1000000000 1000000000 1 1000000000 1000000000 1 1000000000 1000000000 1 1000000000 1000000000 1 1000000000 1000000000 1 1000000000 1000000000 1 1000000000 1000000000 1 1000000000 1000000000 1 1000000000 1000000000 1 1000000000 1000000000 1 1000000000 1000000000 1 1000000000 1000000000 1 1000000000 1000000000 1 1000000000 1000000000 1 1000000000 1000000000 1 1000000000 1000000000 1 1000000000 1000000000 1 1000000000 1000000000 1 1000000000 1000000000 1 1000000000 1000000000 1 1000000000 1000000000 1 1000000000 1000000000 1 1000000000 1000000000 1 1000000000 1000000000 1 1000000000 1000000000 1 1000000000 1000000000 1 1000000000 1000000000 1 1000000000 1000000000 1 1000000000 1000000000 1 1000000000 1000000000 1 1000000000 1000000000 1 1000000000 1000000000 1 1000000000 1000000000 1 1000000000 1000000000 1 1000000000 1000000000 1 1000000000 1000000000 1 1000000000 1000000000 1 1000000000 1000000000 1 1000000000 1000000000 1 1000000000 1000000000 1 1000000000 1000000000 1 1000000000 1000000000 1 1000000000 1000000000 1 1000000000 1000000000 1 1000000000 1000000000 1 1000000000 1000000000 1 1000000000 1000000000 1 1000000000 1000000000 1 1000000000 1000000000 1 1000000000 1000000000 1 1000000000 1000000000 1 1000000000 1000000000 1 1000000000 1000000000 1 1000000000 1000000000 1 1000000000 1000000000 1 1000000000 1000000000 1 1000000000 1000000000 1 1000000000 1000000000 1 1000000000 1000000000 1 1000000000 1000000000 1 1000000000 1000000000 1 1000000000 1000000000 1 1000000000 1000000000 1 1000000000 1000000000 1 1000000000 1000000000 1 1000000000 1000000000 1 1000000000 1000000000 1 1000000000 1000000000 1 1000000000 1000000000 1 1000000000 1000000000 1 1000000000 1000000000 1 1000000000 1000000000 1 1000000000 1000000000 1 1000000000 1000000000 1 1000000000 1000000000 1 1000000000 1000000000 1 1000000000 1000000000 1 1000000000 1000000000 1 1000000000 1000000000 1 1000000000 1000000000 1 1000000000 1000000000 1 1000000000 1000000000 1 1000000000 1000000000 1 1000000000 1000000000 1 1000000000 1000000000 1 1000000000 1000000000 1 1000000000 1000000000 1 1000000000 1000000000 1 1000000000 1000000000 1 1000000000 1000000000 1 1000000000 1000000000 1 1000000000 1000000000 1 1000000000 1000000000 1 1000000000 1000000000 1 1000000000 1000000000 1 1000000000 1000000000 1 1000000000 1000000000 1 1000000000 1000000000 1 1000000000 1000000000 1 1000000000 1000000000 1 1000000000 1000000000 1 1000000000 1000000000 1 1000000000 1000000000 1 1000000000 1000000000 1 1000000000 1000000000 1 1000000000 1000000000 1 1000000000 1000000000 1 1000000000 1000000000 1 1000000000 1000000000 1 1000000000 1000000000 1 1000000000 1000000000 1 1000000000 1000000000 1 1000000000 1000000000 1 1000000000 1000000000 1 1000000000 1000000000 1 1000000000 1000000000 1 1000000000 1000000000 1 1000000000 1000000000 1 1000000000 1000000000 1 1000000000 1000000000 1 1000000000 1000000000 1 1000000000 1000000000 1 1000000000 1000000000 1 1000000000 1000000000 1 1000000000 1000000000 1 1000000000 1000000000 1 1000000000 1000000000 1 1000000000 1000000000 1 1000000000 1000000000 1 1000000000 1000000000 1 1000000000 1000000000 1 1000000000 1000000000 1 1000000000 1000000000 1 1000000000 1000000000 1 1000000000 1000000000 1 1000000000 1000000000 1 1000000000 1000000000 1 1000000000 1000000000 1 1000000000 1000000000 1 1000000000 1000000000 1 1000000000 1000000000 1 1000000000 1000000000 1 1000000000 1000000000 1 1000000000 1000000000 1 1000000000 1000000000 1 1000000000 1000000000 1 1000000000 1000000000 1 1000000000 1000000000 1 1000000000 1000000000 1 1000000000 1000000000 1 1000000000 1000000000 1 1000000000 1000000000 1 1000000000 1000000000 1 1000000000 1000000000 1 1000000000 1000000000 1 1000000000 1000000000 1 1000000000 1000000000 1 1000000000 1000000000 1 1000000000 1000000000 1 1000000000 1000000000 1 1000000000 1000000000 1 1000000000 1000000000 1 1000000000 1000000000 1 1000000000 1000000000 1 1000000000 1000000000 1 1000000000 1000000000 1 1000000000 1000000000 1 1000000000 1000000000 1 1000000000 1000000000 1 1000000000 1000000000 1 1000000000 1000000000 1 1000000000 1000000000 1 1000000000 1000000000 1 1000000000 1000000000 1 1000000000 1000000000 1 1000000000 1000000000 1 1000000000 1000000000 1 1000000000 1000000000 1 1000000000 1000000000 1 1000000000 1000000000 1 1000000000 1000000000 1 1000000000 1000000000 1 1000000000 1000000000 1 1000000000 1000000000 1 1000000000 1000000000 1 1000000000 1000000000 1 1000000000 1000000000 1 1000000000 1000000000 1 1000000000 1000000000 1 1000000000 1000000000 1 1000000000 1000000000 1 1000000000 1000000000 1 1000000000 1000000000 1 1000000000 1000000000 1 1000000000 1000000000 1 1000000000 1000000000 1 1000000000 1000000000 1 1000000000 1000000000 1 1000000000 1000000000 1 1000000000 1000000000 1 1000000000 1000000000 1 1000000000 1000000000 1 1000000000 1000000000 1 1000000000 1000000000 1 1000000000 1000000000 1 1000000000 1000000000 1 1000000000 1000000000 1 1000000000 1000000000 1 1000000000 1000000000 1 1000000000 1000000000 1 1000000000 1000000000 1 1000000000 1000000000 1 1000000000 1000000000 1 1000000000 1000000000 1 1000000000 1000000000 1 1000000000 1000000000 1 1000000000 1000000000 1 1000000000 1000000000 1 1000000000 1000000000 1 1000000000 1000000000 1 1000000000 1000000000 1 1000000000 1000000000 1 1000000000 1000000000 1 1000000000 1000000000 1 1000000000 1000000000 1 1000000000 1000000000 1 1000000000 1000000000 1 1000000000 1000000000 1 1000000000 1000000000 1 1000000000 1000000000 1 1000000000 1000000000 1 1000000000 1000000000 1 1000000000 1000000000 1 1000000000 1000000000 1 1000000000 1000000000 1 1000000000 1000000000 1 1000000000 1000000000 1 1000000000 1000000000 1 1000000000 1000000000 1 1000000000 1000000000 1 1000000000 1000000000 1 1000000000 1000000000 1 1000000000 1000000000 1 1000000000 1000000000 1 1000000000 1000000000 1 1000000000 1000000000 1 1000000000 1000000000 1 1000000000 1000000000 1 1000000000 1000000000 1 1000000000 1000000000 1 1000000000 1000000000 1 1000000000 1000000000 1 1000000000 1000000000 1 1000000000 1000000000 1 1000000000 1000000000 1 1000000000 1000000000 1 1000000000 1000000000 1 1000000000 1000000000 1 1000000000 1000000000 1 1000000000 1000000000 1 1000000000 1000000000 1 1000000000 1000000000 1 1000000000 1000000000 1 1000000000 1000000000 1 1000000000 1000000000 1 1000000000 1000000000 1 1000000000 1000000000 1 1000000000 1000000000 1 1000000000 1000000000 1 1000000000 1000000000 1 1000000000 1000000000 1 1000000000 1000000000 1 1000000000 1000000000 1 1000000000 1000000000 1 1000000000 1000000000 1 1000000000 1000000000 1 1000000000 1000000000 1 1000000000 1000000000 1 1000000000 1000000000 1 1000000000 1000000000 1 1000000000 1000000000 1 1000000000 1000000000 1 1000000000 1000000000 1 1000000000 1000000000 1 1000000000 1000000000 1 1000000000 1000000000 1 1000000000 1000000000 1 1000000000 1000000000 1 1000000000 1000000000 1 1000000000 1000000000 1 1000000000 1000000000 1 1000000000 1000000000 1 1000000000 1000000000 1 1000000000 1000000000 1 1000000000 1000000000 1 1000000000 1000000000 1 1000000000 1000000000 1 1000000000 1000000000 1 1000000000 1000000000 1 1000000000 1000000000 1 1000000000 1000000000 1 1000000000 1000000000 1 1000000000 1000000000 1 1000000000 1000000000 1 1000000000 1000000000 1 1000000000 1000000000 1 1000000000 1000000000 1 1000000000 1000000000 1 1000000000 1000000000 1 1000000000 1000000000 1 1000000000 1000000000 1 1000000000 1000000000 1 1000000000 1000000000 1 1000000000 1000000000 1 1000000000 1000000000 1 1000000000 1000000000 1 1000000000 1000000000 1 1000000000 1000000000 1 1000000000 1000000000 1 1000000000 1000000000 1 1000000000 1000000000 1 1000000000 1000000000 1 1000000000 1000000000 1 1000000000 1000000000 1 1000000000 1000000000 1 1000000000 1000000000 1 1000000000 1000000000 1 1000000000 1000000000 1 1000000000 1000000000 1 1000000000 1000000000 1 1000000000 1000000000 1 1000000000 1000000000 1 1000000000 1000000000 1 1000000000 1000000000 1 1000000000 1000000000 1 1000000000 1000000000 1 1000000000 1000000000 1 1000000000 1000000000 1 1000000000 1000000000 1 1000000000 1000000000 1 1000000000 1000000000 1 1000000000 1000000000 1 1000000000 1000000000 1 1000000000 1000000000 1 1000000000 1000000000 1 1000000000 1000000000 1 1000000000 1000000000 1 1000000000 1000000000 1 1000000000 1000000000 1 1000000000 1000000000 1 1000000000 1000000000 1 1000000000 1000000000 1 1000000000 1000000000 1 1000000000 1000000000 1 1000000000 1000000000 1 1000000000 1000000000 1 1000000000 1000000000 1 1000000000 1000000000 1 1000000000 1000000000 1 1000000000 1000000000 1 1000000000 1000000000 1 1000000000 1000000000 1 1000000000 1000000000 1 1000000000 1000000000 1 1000000000 1000000000 1 1000000000 1000000000 1 1000000000 1000000000 1 1000000000 1000000000 1 1000000000 1000000000 1 1000000000 1000000000 1 1000000000 1000000000 1 1000000000 1000000000 1 1000000000 1000000000 1 1000000000 1000000000 1 1000000000 1000000000 1 1000000000 1000000000 1 1000000000 1000000000 1 1000000000 1000000000 1 1000000000 1000000000 1 1000000000 1000000000 1 1000000000 1000000000 1 1000000000 1000000000 1 1000000000 1000000000 1 1000000000 1000000000 1 1000000000 1000000000 1 1000000000 1000000000 1 1000000000 1000000000 1 1000000000 1000000000 1 1000000000 1000000000 1 1000000000 1000000000 1 1000000000 1000000000 1 1000000000 1000000000 1 1000000000 1000000000 1 1000000000 1000000000 1 1000000000 1000000000 1 1000000000 1000000000 1 1000000000 1000000000 1 1000000000 1000000000 1 1000000000 1000000000 1 1000000000 1000000000 1 1000000000 1000000000 1 1000000000 1000000000 1 1000000000 1000000000 1 1000000000 1000000000 1 1000000000 1000000000 1 1000000000 1000000000 1 1000000000 1000000000 1 1000000000 1000000000 1 1000000000 1000000000 1 1000000000 1000000000 1 1000000000 1000000000 1 1000000000 1000000000 1 1000000000 1000000000 1 1000000000 1000000000 1 1000000000 1000000000 1 1000000000 1000000000 1 1000000000 1000000000 1 1000000000 1000000000 1 1000000000 1000000000 1 1000000000 1000000000 1 1000000000 1000000000 1 1000000000 1000000000 1 1000000000 1000000000 1 1000000000 1000000000 1 1000000000 1000000000 1 1000000000 1000000000 1 1000000000 1000000000 1 1000000000 1000000000 1 1000000000 1000000000 1 1000000000 1000000000 1 1000000000 1000000000 1 1000000000 1000000000 1 1000000000 1000000000 1 1000000000 1000000000 1 1000000000 1000000000 1 1000000000 1000000000 1 1000000000 1000000000 1 1000000000 1000000000 1 1000000000 1000000000 1 1000000000 1000000000 1 1000000000 1000000000 1 1000000000 1000000000 1 1000000000 1000000000 1 1000000000 1000000000 1 1000000000 1000000000 1 1000000000 1000000000 1 1000000000 1000000000 1 1000000000 1000000000 1 1000000000 1000000000 1 1000000000 1000000000 1 1000000000 1000000000 1 1000000000 1000000000 1 1000000000 1000000000 1 1000000000 1000000000 1 1000000000 1000000000 1 1000000000 1000000000 1 1000000000 1000000000 1 1000000000 1000000000 1 1000000000 1000000000 1 1000000000 1000000000 1 1000000000 1000000000 1 1000000000 1000000000 1 1000000000 1000000000 1 1000000000 1000000000 1 1000000000 1000000000 1 1000000000 1000000000 1 1000000000 1000000000 1 1000000000 1000000000 1 1000000000 1000000000 1 1000000000 1000000000 1 1000000000 1000000000 1 1000000000 1000000000 1 1000000000 1000000000 1 1000000000 1000000000 1 1000000000 1000000000 1 1000000000 1000000000 1 1000000000 1000000000 1 1000000000 1000000000 1 1000000000 1000000000 1 1000000000 1000000000 1 1000000000 1000000000 1 1000000000 1000000000 1 1000000000 1000000000 1 1000000000 1000000000 1 1000000000 1000000000 1 1000000000 1000000000 1 1000000000 1000000000 1 1000000000 1000000000 1 1000000000 1000000000 1 1000000000 1000000000 1 1000000000 1000000000 1 1000000000 1000000000 1 1000000000 1000000000 1 1000000000 1000000000 1 1000000000 1000000000 1 1000000000 1000000000 1 1000000000 1000000000 1 1000000000 1000000000 1 1000000000 1000000000 1 1000000000 1000000000 1 1000000000 1000000000 1 1000000000 1000000000 1 1000000000 1000000000 1 1000000000 1000000000 1 1000000000 1000000000 1 1000000000 1000000000 1 1000000000 1000000000 1 1000000000 1000000000 1 1000000000 1000000000 1 1000000000 1000000000 1 1000000000 1000000000 1 1000000000 1000000000 1 1000000000 1000000000 1 1000000000 1000000000 1 1000000000 1000000000 1 1000000000 1000000000 1 1000000000 1000000000 1 1000000000 1000000000 1 1000000000 1000000000 1 1000000000 1000000000 1 1000000000 1000000000 1 1000000000 1000000000 1 1000000000 1000000000 1 1000000000 1000000000 1 1000000000 1000000000 1 1000000000 1000000000 1 1000000000 1000000000 1 1000000000 1000000000 1 1000000000 1000000000 1 1000000000 1000000000 1 1000000000 1000000000 1 1000000000 1000000000 1 1000000000 1000000000 1 1000000000 1000000000 1 1000000000 1000000000 1 1000000000 1000000000 1 1000000000 1000000000 1 1000000000 1000000000 1 1000000000 1000000000 1 1000000000 1000000000 1 1000000000 1000000000 1 1000000000 1000000000 1 1000000000 1000000000 1 1000000000 1000000000 1 1000000000 1000000000 1 1000000000 1000000000 1 1000000000 1000000000 1 1000000000 1000000000 1 1000000000 1000000000 1 1000000000 1000000000 1 1000000000 1000000000 1 1000000000 1000000000 1 1000000000 1000000000 1 1000000000 1000000000 1 1000000000 1000000000 1 1000000000 1000000000 1 1000000000 1000000000 1 1000000000 1000000000 1 1000000000 1000000000 1 1000000000 1000000000 1 1000000000 1000000000 1 1000000000 1000000000 1 1000000000 1000000000 1 1000000000 1000000000 1 1000000000 1000000000 1 1000000000 1000000000 1 1000000000 1000000000 1 1000000000 1000000000 1 1000000000 1000000000 1 1000000000 1000000000 1 1000000000 1000000000 1 1000000000 1000000000 1 1000000000 1000000000 1 1000000000 1000000000 1 1000000000 1000000000 1 1000000000 1000000000 1 1000000000 1000000000 1 1000000000 1000000000 1 1000000000 1000000000 1 1000000000 1000000000 1 1000000000 1000000000 1 1000000000 1000000000 1 1000000000 1000000000 1 1000000000 1000000000 1 1000000000 1000000000 1 1000000000 1000000000 1 1000000000 1000000000 1 1000000000 1000000000 1 1000000000 1000000000 1 1000000000 1000000000 1 1000000000 1000000000 1 1000000000 1000000000 1 1000000000 1000000000 1 1000000000 1000000000 1 1000000000 1000000000 1 1000000000 1000000000 1 1000000000 1000000000 1 1000000000 1000000000 1 1000000000 1000000000 1 1000000000 1000000000 1 1000000000 1000000000 1 1000000000 1000000000 1 1000000000 1000000000 1 1000000000 1000000000 1 1000000000 1000000000 1 1000000000 1000000000 1 1000000000 1000000000 1 1000000000 1000000000 1 1000000000 1000000000 1 1000000000 1000000000 1 1000000000 1000000000 1 1000000000 1000000000 1 1000000000 1000000000 1 1000000000 1000000000 1 1000000000 1000000000 1 1000000000 1000000000 1 1000000000 1000000000 1 1000000000 1000000000 1 1000000000 1000000000 1 1000000000 1000000000 1 1000000000 1000000000 1 1000000000 1000000000 1 1000000000 1000000000 1 1000000000 1000000000 1 1000000000 1000000000 1 1000000000 1000000000 1 1000000000 1000000000 1 1000000000 1000000000 1 1000000000 1000000000 1 1000000000 1000000000 1 1000000000 1000000000 1 1000000000 1000000000 1 1000000000 1000000000 1 1000000000 1000000000 1 1000000000 1000000000 1 1000000000 1000000000 1 1000000000 1000000000 1 1000000000 1000000000 1 1000000000 1000000000 1 1000000000 1000000000 1 1000000000 1000000000 1 1000000000 1000000000 1 1000000000 1000000000 1 1000000000 1000000000 1 1000000000 1000000000 1 1000000000 1000000000 1 1000000000 1000000000 1 1000000000 1000000000 1 1000000000 1000000000 1 1000000000 1000000000 1 1000000000 1000000000 1 1000000000 1000000000 1 1000000000 1000000000 1 1000000000 1000000000 1 1000000000 1000000000 1 1000000000 1000000000 1 1000000000 1000000000 1 1000000000 1000000000 1 1000000000 1000000000 1 1000000000 1000000000 1 1000000000 1000000000 1 1000000000 1000000000 1 1000000000 1000000000 1 1000000000 1000000000 1 1000000000 1000000000 1 1000000000 1000000000 1 1000000000 1000000000 1 1000000000 1000000000 1 1000000000 1000000000 1 1000000000 1000000000 1 1000000000 1000000000 1 1000000000 1000000000 1 1000000000 1000000000 1 1000000000 1000000000 1 1000000000 1000000000 1 1000000000 1000000000 1 1000000000 1000000000 1 1000000000 1000000000 1 1000000000 1000000000 1 1000000000 1000000000 1 1000000000 1000000000 1 1000000000 1000000000 1 1000000000 1000000000 1 1000000000 1000000000 1 1000000000 1000000000 1 1000000000 1000000000 1 1000000000 1000000000 1 1000000000 1000000000 1 1000000000 1000000000 1 1000000000 1000000000 1 1000000000 1000000000 1 1000000000 1000000000 1 1000000000 1000000000 1 1000000000 1000000000 1 1000000000 1000000000 1 1000000000 1000000000 1 1000000000 1000000000 1 1000000000 1000000000 1 1000000000 1000000000 1 1000000000 1000000000 1 1000000000 1000000000 1 1000000000 1000000000 1 1000000000 1000000000 1 1000000000 1000000000 1 1000000000 1000000000 1 1000000000 1000000000 1 1000000000 1000000000 1 1000000000 1000000000 1 1000000000 1000000000 1 1000000000 1000000000 1 1000000000 1000000000 1 1000000000 1000000000 1 1000000000 1000000000 1 1000000000 1000000000 1 1000000000 1000000000 1 1000000000 1000000000 1 1000000000 1000000000 1 1000000000 1000000000 1 1000000000 1000000000 1 1000000000 1000000000 1 1000000000 1000000000 1 1000000000 1000000000 1 1000000000 1000000000 1 1000000000 1000000000 1 1000000000 1000000000 1 1000000000 1000000000 1 1000000000 1000000000 1 1000000000 1000000000 1 1000000000 1000000000 1 1000000000 1000000000 1 1000000000 1000000000 1 1000000000 1000000000 1 1000000000 1000000000 1 1000000000 1000000000 1 1000000000 1000000000 1 1000000000 1000000000 1 1000000000 1000000000 1 1000000000 1000000000 1 1000000000 1000000000 1 1000000000 1000000000 1 1000000000 1000000000 1 1000000000 1000000000 1 1000000000 1000000000 1 1000000000 1000000000 1 1000000000 1000000000 1 1000000000 1000000000 1 1000000000 1000000000 1 1000000000 1000000000 1 1000000000 1000000000 1 1000000000 1000000000 1 1000000000 1000000000 1 1000000000 1000000000 1 1000000000 1000000000 1 1000000000 1000000000 1 1000000000 1000000000 1 1000000000 1000000000 1 1000000000 1000000000 1 1000000000 1000000000 1 1000000000 1000000000 1 1000000000 1000000000 1 1000000000 1000000000 1 1000000000 1000000000 1 1000000000 1000000000 1 1000000000 1000000000 1 1000000000 1000000000 1 1000000000 1000000000 1 1000000000 1000000000 1 1000000000 1000000000 1 1000000000 1000000000 1 1000000000 1000000000 1 1000000000 1000000000 1 1000000000 1000000000 1 1000000000 1000000000 1 1000000000 1000000000 1 1000000000 1000000000 1 1000000000 1000000000 1 1000000000 1000000000 1 1000000000 1000000000 1 1000000000 1000000000 1 1000000000 1000000000 1 1000000000 1000000000 1 1000000000 1000000000 1 1000000000 1000000000 1 1000000000 1000000000 1 1000000000 1000000000 1 1000000000 1000000000 1 1000000000 1000000000 1 1000000000 1000000000 1 1000000000 1000000000 1 1000000000 1000000000 1 1000000000 1000000000 1 1000000000 1000000000 1 1000000000 1000000000 1 1000000000 1000000000 1 1000000000 1000000000 1 1000000000 1000000000 1 1000000000 1000000000 1 1000000000 1000000000 1 1000000000 1000000000 1 1000000000 1000000000 1 1000000000 1000000000 1 1000000000 1000000000 1 1000000000 1000000000 1 1000000000 1000000000 1 1000000000 1000000000 1 1000000000 1000000000 1 1000000000 1000000000 1 1000000000 1000000000 1 1000000000 1000000000 1 1000000000 1000000000 1 1000000000 1000000000 1 1000000000 1000000000 1 1000000000 1000000000 1 1000000000 1000000000 1 1000000000 1000000000 1 1000000000 1000000000 1 1000000000 1000000000 1 1000000000 1000000000 1 1000000000 1000000000 1 1000000000 1000000000 1 1000000000 1000000000 1 1000000000 1000000000 1 1000000000 1000000000 1 1000000000 1000000000 1 1000000000 1000000000 1 1000000000 1000000000 1 1000000000 1000000000 1 1000000000 1000000000 1 1000000000 1000000000 1 1000000000 1000000000 1 1000000000 1000000000 1 1000000000 1000000000 1 1000000000 1000000000 1 1000000000 1000000000 1 1000000000 1000000000 1 1000000000 1000000000 1 1000000000 1000000000 1 1000000000 1000000000 1 1000000000 1000000000 1 1000000000 1000000000 1 1000000000 1000000000 1 1000000000 1000000000 1 1000000000 1000000000 1 1000000000 1000000000 1 1000000000 1000000000 1 1000000000 1000000000 1 1000000000 1000000000 1 1000000000 1000000000 1 1000000000 1000000000 1 1000000000 1000000000 1 1000000000 1000000000 1 1000000000 1000000000 1 1000000000 1000000000 1 1000000000 1000000000 1 1000000000 1000000000 1 1000000000 1000000000 1 1000000000 1000000000 1 1000000000 1000000000 1 1000000000 1000000000 1 1000000000 1000000000 1 1000000000 1000000000 1 1000000000 1000000000 1 1000000000 1000000000 1 1000000000 1000000000 1 1000000000 1000000000 1 1000000000 1000000000 1 1000000000 1000000000 1 1000000000 1000000000 1 1000000000 1000000000 1 1000000000 1000000000 1 1000000000 1000000000 1 1000000000 1000000000 1 1000000000 1000000000 1 1000000000 1000000000 1 1000000000 1000000000 1 1000000000 1000000000 1 1000000000 1000000000 1 1000000000 1000000000 1 1000000000 1000000000 1 1000000000 1000000000 1 1000000000 1000000000 1 1000000000 1000000000 1 1000000000 1000000000 1 1000000000 1000000000 1 1000000000 1000000000 1 1000000000 1000000000 1 1000000000 1000000000 1 1000000000 1000000000 1 1000000000 1000000000 1 1000000000 1000000000 1 1000000000 1000000000 1 1000000000 1000000000 1 1000000000 1000000000 1 1000000000 1000000000 1 1000000000 1000000000 1 1000000000 1000000000 1 1000000000 1000000000 1 1000000000 1000000000 1 1000000000 1000000000 1 1000000000 1000000000 1 1000000000 1000000000 1 1000000000 1000000000 1 1000000000 1000000000 1 1000000000 1000000000 1 1000000000 1000000000 1 1000000000 1000000000 1 1000000000 1000000000 1 1000000000 1000000000 1 1000000000 1000000000 1 1000000000 1000000000 1 1000000000 1000000000 1 1000000000 1000000000 1 1000000000 1000000000 1 1000000000 1000000000 1 1000000000 1000000000 1 1000000000 1000000000 1 1000000000 1000000000 1 1000000000 1000000000 1 1000000000 1000000000 1 1000000000 1000000000 1 1000000000 1000000000 1 1000000000 1000000000 1 1000000000 1000000000 1 1000000000 1000000000 1 1000000000 1000000000 1 1000000000 1000000000 1 1000000000 1000000000 1 1000000000 1000000000 1 1000000000 1000000000 1 1000000000 1000000000 1 1000000000 1000000000 1 1000000000 1000000000 1 1000000000 1000000000 1 1000000000 1000000000 1 1000000000 1000000000 1 1000000000 1000000000 1 1000000000 1000000000 1 1000000000 1000000000 1 1000000000 1000000000 1 1000000000 1000000000 1 1000000000 1000000000 1 1000000000 1000000000 1 1000000000 1000000000 1 1000000000 1000000000 1 1000000000 1000000000 1 1000000000 1000000000 1 1000000000 1000000000 1 1000000000 1000000000 1 1000000000 1000000000 1 1000000000 1000000000 1 1000000000 1000000000 1 1000000000 1000000000 1 1000000000 1000000000 1 1000000000 1000000000 1 1000000000 1000000000 1 1000000000 1000000000 1 1000000000 1000000000 1 1000000000 1000000000 1 1000000000 1000000000 1 1000000000 1000000000 1 1000000000 1000000000 1 1000000000 1000000000 1 1000000000 1000000000 1 1000000000 1000000000 1 1000000000 1000000000 1 1000000000 1000000000 1 1000000000 1000000000 1 1000000000 1000000000 1 1000000000 1000000000 1 1000000000 1000000000 1 1000000000 1000000000 1 1000000000 1000000000 1 1000000000 1000000000 1 1000000000 1000000000 1 1000000000 1000000000 1 1000000000 1000000000 1 1000000000 1000000000 1 1000000000 1000000000 1 1000000000 1000000000 1 1000000000 1000000000 1 1000000000 1000000000 1 1000000000 1000000000 1 1000000000 1000000000 1 1000000000 1000000000 1 1000000000 1000000000 1 1000000000 1000000000 1 1000000000 1000000000 1 1000000000 1000000000 1 1000000000 1000000000 1 1000000000 1000000000 1 1000000000 1000000000 1 1000000000 1000000000 1 1000000000 1000000000 1 1000000000 1000000000 1 1000000000 1000000000 1 1000000000 1000000000 1 1000000000 1000000000 1 1000000000 1000000000 1 1000000000 1000000000 1 1000000000 1000000000 1 1000000000 1000000000 1 1000000000 1000000000 1 1000000000 1000000000 1 1000000000 1000000000 1 1000000000 1000000000 1 1000000000 1000000000 1 1000000000 1000000000 1 1000000000 1000000000 1 1000000000 1000000000 1 1000000000 1000000000 1 1000000000 1000000000 1 1000000000 1000000000 1 1000000000 1000000000 1 1000000000 1000000000 1 1000000000 1000000000 1 1000000000 1000000000 1 1000000000 1000000000 1 1000000000 1000000000 1 1000000000 1000000000 1 1000000000 1000000000 1 1000000000 1000000000 1 1000000000 1000000000 1 1000000000 1000000000 1 1000000000 1000000000 1 1000000000 1000000000 1 1000000000 1000000000 1 1000000000 1000000000 1 1000000000 1000000000 1 1000000000 1000000000 1 1000000000 1000000000 1 1000000000 1000000000 1 1000000000 1000000000 1 1000000000 1000000000 1 1000000000 1000000000 1 1000000000 1000000000 1 1000000000 1000000000 1 1000000000 1000000000 1 1000000000 1000000000 1 1000000000 1000000000 1 1000000000 1000000000 1 1000000000 1000000000 1 1000000000 1000000000 1 1000000000 1000000000 1 1000000000 1000000000 1 1000000000 1000000000 1 1000000000 1000000000 1 1000000000 1000000000 1 1000000000 1000000000 1 1000000000 1000000000 1 1000000000 1000000000 1 1000000000 1000000000 1 1000000000 1000000000 1 1000000000 1000000000 1 1000000000 1000000000 1 1000000000 1000000000 1 1000000000 1000000000 1 1000000000 1000000000 1 1000000000 1000000000 1 1000000000 1000000000 1 1000000000 1000000000 1 1000000000 1000000000 1 1000000000 1000000000 1 1000000000 1000000000 1 1000000000 1000000000 1 1000000000 1000000000 1 1000000000 1000000000 1 1000000000 1000000000 1 1000000000 1000000000 1 1000000000 1000000000 1 1000000000 1000000000 1 1000000000 1000000000 1 1000000000 1000000000 1 1000000000 1000000000 1 1000000000 1000000000 1 1000000000 1000000000 1 1000000000 1000000000 1 1000000000 1000000000 1 1000000000 1000000000 1 1000000000 1000000000 1 1000000000 1000000000 1 1000000000 1000000000 1 1000000000 1000000000 1 1000000000 1000000000 1 1000000000 1000000000 1 1000000000 1000000000 1 1000000000 1000000000 1 1000000000 1000000000 1 1000000000 1000000000 1 1000000000 1000000000 1 1000000000 1000000000 1 1000000000 1000000000 1 1000000000 1000000000 1 1000000000 1000000000 1 1000000000 1000000000 1 1000000000 1000000000 1 1000000000 1000000000 1 1000000000 1000000000 1 1000000000 1000000000 1 1000000000 1000000000 1 1000000000 1000000000 1 1000000000 1000000000 1 1000000000 1000000000 1 1000000000 1000000000 1 1000000000 1000000000 1 1000000000 1000000000 1 1000000000 1000000000 1 1000000000 1000000000 1 1000000000 1000000000 1 1000000000 1000000000 1 1000000000 1000000000 1 1000000000 1000000000 1 1000000000 1000000000 1 1000000000 1000000000 1 1000000000 1000000000 1 1000000000 1000000000 1 1000000000 1000000000 1 1000000000 1000000000 1 1000000000 1000000000 1 1000000000 1000000000 1 1000000000 1000000000 1 1000000000 1000000000 1 1000000000 1000000000 1 1000000000 1000000000 1 1000000000 1000000000 1 1000000000 1000000000 1 1000000000 1000000000 1 1000000000 1000000000 1 1000000000 1000000000 1 1000000000 1000000000 1 1000000000 1000000000 1 1000000000 1000000000 1 1000000000 1000000000 1 1000000000 1000000000 1 1000000000 1000000000 1 1000000000 1000000000 1 1000000000 1000000000 1 1000000000 1000000000 1 1000000000 1000000000 1 1000000000 1000000000 1 1000000000 1000000000 1 1000000000 1000000000 1 1000000000 1000000000 1 1000000000 1000000000 1 1000000000 1000000000 1 1000000000 1000000000 1 1000000000 1000000000 1 1000000000 1000000000 1 1000000000 1000000000 1 1000000000 1000000000 1 1000000000 1000000000 1 1000000000 1000000000 1 1000000000 1000000000 1 1000000000 1000000000 1 1000000000 1000000000 1 1000000000 1000000000 1 1000000000 1000000000 1 1000000000 1000000000 1 1000000000 1000000000 1 1000000000 1000000000 1 1000000000 1000000000 1 1000000000 1000000000 1 1000000000 1000000000 1 1000000000 1000000000 1 1000000000 1000000000 1 1000000000 1000000000 1 1000000000 1000000000 1 1000000000 1000000000 1 1000000000 1000000000 1 1000000000 1000000000 1 1000000000 1000000000 1 1000000000 1000000000 1 1000000000 1000000000 1 1000000000 1000000000 1 1000000000 1000000000 1 1000000000 1000000000 1 1000000000 1000000000 1 1000000000 1000000000 1 1000000000 1000000000 1 1000000000 1000000000 1 1000000000 1000000000 1 1000000000 1000000000 1 1000000000 1000000000 1 1000000000 1000000000 1 1000000000 1000000000 1 1000000000 1000000000 1 1000000000 1000000000 1 1000000000 1000000000 1 1000000000 1000000000 1 1000000000 1000000000 1 1000000000 1000000000 1 1000000000 1000000000 1 1000000000 1000000000 1 1000000000 1000000000 1 1000000000 1000000000 1 1000000000 1000000000 1 1000000000 1000000000 1 1000000000 1000000000 1 1000000000 1000000000 1 1000000000 1000000000 1 1000000000 1000000000 1 1000000000 1000000000 1 1000000000 1000000000 1 1000000000 1000000000 1 1000000000 1000000000 1 1000000000 1000000000 1 1000000000 1000000000 1 1000000000 1000000000 1 1000000000 1000000000 1 1000000000 1000000000 1 1000000000 1000000000 1 1000000000 1000000000 1 1000000000 1000000000 1 1000000000 1000000000 1 1000000000 1000000000 1 1000000000 1000000000 1 1000000000 1000000000 1 1000000000 1000000000 1 1000000000 1000000000 1 1000000000 1000000000 1 1000000000 1000000000 1 1000000000 1000000000 1 1000000000 1000000000 1 1000000000 1000000000 1 1000000000 1000000000 1 1000000000 1000000000 1 1000000000 1000000000 1 1000000000 1000000000 1 1000000000 1000000000 1 1000000000 1000000000 1 1000000000 1000000000 1 1000000000 1000000000 1 1000000000 1000000000 1 1000000000 1000000000 1 1000000000 1000000000 1 1000000000 1000000000 1 1000000000 1000000000 1 1000000000 1000000000 1 1000000000 1000000000 1 1000000000 1000000000 1 1000000000 1000000000 1 1000000000 1000000000 1 1000000000 1000000000 1 1000000000 1000000000 1 1000000000 1000000000 1 1000000000 1000000000 1 1000000000 1000000000 1 1000000000 1000000000 1 1000000000 1000000000 1 1000000000 1000000000 1 1000000000 1000000000 1 1000000000 1000000000 1 1000000000 1000000000 1 1000000000 1000000000 1 1000000000 1000000000 1 1000000000 1000000000 1 1000000000 1000000000 1 1000000000 1000000000 1 1000000000 1000000000 1 1000000000 1000000000 1 1000000000 1000000000 1 1000000000 1000000000 1 1000000000 1000000000 1 1000000000 1000000000 1 1000000000 1000000000 1 1000000000 1000000000 1 1000000000 1000000000 1 1000000000 1000000000 1 1000000000 1000000000 1 1000000000 1000000000 1 1000000000 1000000000 1 1000000000 1000000000 1 1000000000 1000000000 1 1000000000 1000000000 1 1000000000 1000000000 1 1000000000 1000000000 1 1000000000 1000000000 1 1000000000 1000000000 1 1000000000 1000000000 1 1000000000 1000000000 1 1000000000 1000000000 1 1000000000 1000000000 1 1000000000 1000000000 1 1000000000 1000000000 1 1000000000 1000000000 1 1000000000 1000000000 1 1000000000 1000000000 1 1000000000 1000000000 1 1000000000 1000000000 1 1000000000 1000000000 1 1000000000 1000000000 1 1000000000 1000000000 1 1000000000 1000000000 1 1000000000 1000000000 1 1000000000 1000000000 1 1000000000 1000000000 1 1000000000 1000000000 1 1000000000 1000000000 1 1000000000 1000000000 1 1000000000 1000000000 1 1000000000 1000000000 1 1000000000 1000000000 1 1000000000 1000000000 1 1000000000 1000000000 1 1000000000 1000000000 1 1000000000 1000000000 1 1000000000 1000000000 1 1000000000 1000000000 1 1000000000 1000000000 1 1000000000 1000000000 1 1000000000 1000000000 1 1000000000 1000000000 1 1000000000 1000000000 1 1000000000 1000000000 1 1000000000 1000000000 1 1000000000 1000000000 1 1000000000 1000000000 1 1000000000 1000000000 1 1000000000 1000000000 1 1000000000 1000000000 1 1000000000 1000000000 1 1000000000 1000000000 1 1000000000 1000000000 1 1000000000 1000000000 1 1000000000 1000000000 1 1000000000 1000000000 1 1000000000 1000000000 1 1000000000 1000000000 1 1000000000 1000000000 1 1000000000 1000000000 1 1000000000 1000000000 1 1000000000 1000000000 1 1000000000 1000000000 1 1000000000 1000000000 1 1000000000 1000000000 1 1000000000 1000000000 1 1000000000 1000000000 1 1000000000 1000000000 1 1000000000 1000000000 1 1000000000 1000000000 1 1000000000 1000000000 1 1000000000 1000000000 1 1000000000 1000000000 1 1000000000 1000000000 1 1000000000 1000000000 1 1000000000 1000000000 1 1000000000 1000000000 1 1000000000 1000000000 1 1000000000 1000000000 1 1000000000 1000000000 1 1000000000 1000000000 1 1000000000 1000000000 1 1000000000 1000000000 1 1000000000 1000000000 1 1000000000 1000000000 1 1000000000 1000000000 1 1000000000 1000000000 1 1000000000 1000000000 1 1000000000 1000000000 1 1000000000 1000000000 1 1000000000 1000000000 1 1000000000 1000000000 1 1000000000 1000000000 1 1000000000 1000000000 1 1000000000 1000000000 1 1000000000 1000000000 1 1000000000 1000000000 1 1000000000 1000000000 1 1000000000 1000000000 1 1000000000 1000000000 1 1000000000 1000000000 1 1000000000 1000000000 1 1000000000 1000000000 1 1000000000 1000000000 1 1000000000 1000000000 1 1000000000 1000000000 1 1000000000 1000000000 1 1000000000 1000000000 1 1000000000 1000000000 1 1000000000 1000000000 1 1000000000 1000000000 1 1000000000 1000000000 1 1000000000 1000000000 1 1000000000 1000000000 1 1000000000 1000000000 1 1000000000 1000000000 1 1000000000 1000000000 1 1000000000 1000000000 1 1000000000 1000000000 1 1000000000 1000000000 1 1000000000 1000000000 1 1000000000 1000000000 1 1000000000 1000000000 1 1000000000 1000000000 1 1000000000 1000000000 1 1000000000 1000000000 1 1000000000 1000000000 1 1000000000 1000000000 1 1000000000 1000000000 1 1000000000 1000000000 1 1000000000 1000000000 1 1000000000 1000000000 1 1000000000 1000000000 1 1000000000 1000000000 1 1000000000 1000000000 1 1000000000 1000000000 1 1000000000 1000000000 1 1000000000 1000000000 1 1000000000 1000000000 1 1000000000 1000000000 1 1000000000 1000000000 1 1000000000 1000000000 1 1000000000 1000000000 1 1000000000 1000000000 1 1000000000 1000000000 1 1000000000 1000000000 1 1000000000 1000000000 1 1000000000 1000000000 1 1000000000 1000000000 1 1000000000 1000000000 1 1000000000 1000000000 1 1000000000 1000000000 1 1000000000 1000000000 1 1000000000 1000000000 1 1000000000 1000000000 1 1000000000 1000000000 1 1000000000 1000000000 1 1000000000 1000000000 1 1000000000 1000000000 1 1000000000 1000000000 1 1000000000 1000000000 1 1000000000 1000000000 1 1000000000 1000000000 1 1000000000 1000000000 1 1000000000 1000000000 1 1000000000 1000000000 1 1000000000 1000000000 1 1000000000 1000000000 1 1000000000 1000000000 1 1000000000 1000000000 1 1000000000 1000000000 1 1000000000 1000000000 1 1000000000 1000000000 1 1000000000 1000000000 1 1000000000 1000000000 1 1000000000 1000000000 1 1000000000 1000000000 1 1000000000 1000000000 1 1000000000 1000000000 1 1000000000 1000000000 1 1000000000 1000000000 1 1000000000 1000000000 1 1000000000 1000000000 1 1000000000 1000000000 1 1000000000 1000000000 1 1000000000 1000000000 1 1000000000 1000000000 1 1000000000 1000000000 1 1000000000 1000000000 1 1000000000 1000000000 1 1000000000 1000000000 1 1000000000 1000000000 1 1000000000 1000000000 1 1000000000 1000000000 1 1000000000 1000000000 1 1000000000 1000000000 1 1000000000 1000000000 1 1000000000 1000000000 1 1000000000 1000000000 1 1000000000 1000000000 1 1000000000 1000000000 1 1000000000 1000000000 1 1000000000 1000000000 1 1000000000 1000000000 1 1000000000 1000000000 1 1000000000 1000000000 1 1000000000 1000000000 1 1000000000 1000000000 1 1000000000 1000000000 1 1000000000 1000000000 1 1000000000 1000000000 1 1000000000 1000000000 1 1000000000 1000000000 1 1000000000 1000000000 1 1000000000 1000000000 1 1000000000 1000000000 1 1000000000 1000000000 1 1000000000 1000000000 1 1000000000 1000000000 1 1000000000 1000000000 1 1000000000 1000000000 1 1000000000 1000000000 1 1000000000 1000000000 1 1000000000 1000000000 1 1000000000 1000000000 1 1000000000 1000000000 1 1000000000 1000000000 1 1000000000 1000000000 1 1000000000 1000000000 1 1000000000 1000000000 1 1000000000 1000000000 1 1000000000 1000000000 1 1000000000 1000000000 1 1000000000 1000000000 1 1000000000 1000000000 1 1000000000 1000000000 1 1000000000 100000000
```
Error: Line 1: Got '200001000000001', Expected '200001000099999'

### Your Task
Fix the C++ code to pass ALL test cases (including hidden ones).

### Critical Guidelines
1. Focus on algorithmic correctness - NO hard-coded values or special cases
2. Ensure proper data structures and complexity (aim for O(N log N) or better when possible)
3. Handle edge cases (empty input, single elements, max constraints)
4. Use standard C++20 features; avoid non-portable code

### Output Format
Provide ONLY the complete fixed C++ code in a single ```cpp block.
