5163040
313842
13764
3495905
9695
108
1599
2239816176
5480
696000
14532
23
301305
46645
12257196
179508
368603928
75580248
7694
1890
27550
3824
31441971
297
72598674
517302
4656470
4474676
57470
41419224
27720
94952438
407252
15
1610994
14514720
1754620
3782
596392
421976
40228
1773009
2304
20
7326
18873430
86
7017185
43448000
65930
106778
188799
973615202
348841
1392752
370
695852185
558270
120916
865564
713220
649568
17
52580
28526
85921268
1387533
2354775
635293655
24
94884
53640
19113
1
1558590
1462908
220844
141322434
40254908
18681
2254230
84
2888
481190
1168139160
2542
33325650
526415571
1
77228590
2375758
613776504
28639398
6507101
259
902430
131201742
1259835
21566200
20
1017489032
232
61
1248
18
120536
1292235
5
103488
3060087
198809
7
9637
84133
10900275
11
2860
468585
30326
277140
301928
86260
62549704
6120644850
726
37806
223892
1
6213000
159588
901966384
1972880
61742096
4
259
4431712
1900817825
1130980
667217768
117102
338694762100
116687
50616160
324157
285
1434300690
24632910
74819562
161
105744576
7842
802113
25389
42900
1462
2352
1104950
78
36
51925
234200
1774864
16773210
1406
11544120
21715624
164762520
139126701
1719624
1128
815423162
12166
214452
459000
324588
41553855
8884669
118910
10765488
41478
15
136160956
43890
34109171
20213400
6073488
65055
40008
777722
29237912
148
264
57573
110796469
329
14788851
206544740
414777915
41008068
473000
531
2316
40120
1413986088
73774869
99220288
5197710
683084160
55531728
4
3618
342742729
7506050
35768
4205402
83993700
1180
263120669130
260659
32312385
46872
15
300
8456
1365522840
3283
1002
1118464
3300692
659400
2952180
39
62125
117748800
1309
30340
1244
267885
233188430
23232
288
2
218574024
34089796381
13284
4032315
3683
478308
715
18010937
822223698
108472
10623
44498121
38796
4717
7800
2
11184
38
8795685
36
6684
241726640
32
3106987340
11830
11
473016
329526888
5355
289
100037
541558
4256224
7501318
887156
858780
76
544
18045
91980
13009330
15668
380178
4284
775269
136532
10824
10
1278436
12874808
42
1801176
8553867
498555
1516158
518008
2
70
378944
1825346952
1048256040
65801
27720
73881704
40628991
2748900
1222234
147966
527766
3600
4
663
624540
518144
13688406
10005
3518438
22448
51606398
13002075
967661
4202
12673
92572
3599808
640332
3848784
523900
1578240
792
724608
6
7900
49876
440133
31886738158
108260733
51744
7643928
6553478484
1768
3977369575
21901
6642
1615122
114
242947136
11163
1448808
19723
963668
124
5221668
208236825
1499652
234
372
9800844
6
2010804
13076622
53144
1527601725
441882
2951887890
464
240
180537
1745298
978
29800
37242
366
92004
6097520
108
13023768560
448060216
9022790
162
46272
437597787
75612418408
168
250096
348449324
10
52122684816
195416
7
2898126
1712606
177709636
69692
34626
13944
144735
1701044008
24990
919
923301
32330
3474607584
11060
42530592
1253784
2728188
63396
1785
1557116541
26924303
52775
21691
57
512176
431840
3651442
8176
6295853060
20804869813
843234
358
35960
21
15653673
81502174960
49310019
1
136
135864
648
914011329
212068330
449696
336775
430825
35604
2216935
1
5448
8848713450
1587
72
3180032
11493711
159064
153648495
845015080
47754
559699
576810
172090
1107238
2086
40
14
307248
27729349474
761478835
62790
1370018
1158
17
95482324
31349
20880200
220986
252996
2392727815
1256447775
3
1302574
11010888
33800
10272
2926912
724815
19604
1320
1822028
4478044
123045012
222038020
1008
742059
855414
109220
92211
299
3370240
2404
4207488
193571430
94370028
2731
400316358
95241376
8
19326555
768
34668920
735036988
43981
35146637
159030
18433298
1634
92053420
69803109
1562
836
7569
1506
13137152160
9479581522
204721296
360
315
56
1512
650403
4
585216
12012
1665
14
3072
14692
1132
270719098
8232
3008811
1
153450
82512
126766464
6265180
7044
8580
18026274
205040304
275878
105852
9765
6417800
42884
1
76
45086
3820
214020
30673440
4286409
39542747907
34154400
1476
14404
30
51
3112
68901136
44682120
501248
251520
2621400
8092
2530
23009600
1124622
270
6
2997510
8909407
693026180
1837320
3972
14283
42247716
292896
1438977
32204
2511425
1351320848
65845788
159424
5184
2254
7772
3344
1000
4112
297486
52440
32445
6
19434
28
548142
3075948
2695
32402
5644890
1334
165093
15408
12815
59476950
1067
11916333470
89668
1113712
11200
5
35622430
176
508645775
1363448712
11012
144936
2076668
2316738
20020
211842
1014622
39
542136
255936
38709
634725
57452
39291
88510
1152996
97524
237571668
241496500
1924
1747917266
1380
75902
1178
3932032
97216
224600940
2
34
23080
3555
28839020
253273050
52426
83730250080
120
11346540
16703
7416
21
27918
211248390
2161468462
55398924
223522267
7506
403824
1308649
175396
1728069
17478171
21931051754
330804286
4
7074
1737
124
2247684
111
6
8
18020730
245106
37786817904
13728
5085708918
580396
130539
10548
531822
6999650
86409565
2165292
1377510
38415
234441
372416
368535
13282
941823414
29810
919572528
2209375
189376
1643376
25184
21535
1260
118
260
5687955240
4683
2639540
328352
340419
4482
3355034144
42138
967365
22055633320
73098
668
174
30
94896
27836501
6
140
438
1401552504
53034
4750260
42840504
276011575
7590
1061751639
11483316
27
1303985
624
5568
359160
3690
61128480
8856870
110
21279972
274500
5076478552
70060
91
141
35737515
51
319964
166
151599084
40
37290
32925
1105800
16660
338
1184
22383280
6375655
401216
123081240
728184
8547
231
41970
221207
18311
924
834
10065900
975
1017982
26530560
5928503
42
20545488
31740
77778927
59040
20424
16244871000
12645
602154
4301
7099
30726156
196938
15260
157225
1080
10
324
439087
64
1792
50121
45078922
41507088
1996868
585320817
11
20296
3824106
56211232
21978
77867625
626130
3348415
2
32556
7776576
2661196352
739500
27777776
6031557315
105336466740
640044
934851456
1178305
4005612
20130
374684138
90728
320511
16140
26
975965616
978450
1116423
9804
18258
15754
51536
39058880
5610
8142966
4811329320
15
258
108
85351091
790
267
21182
16
259292
784524
929890
1540693
28811520
3750
27640
1408937502
4042
87
8948567550
145
239498
210197014526
746258979
9564
289
2223
4444
332
715
26912976
168
5927803776
319206535
18072
7880
3144741
11451
245248
16163
155414780
93294
461906
188320
14205254
490
22442
2300
226800
273156
80036816
54112
10383602
1183270
1220
443472
346608
30366626
645794
1057
337346841
41300
32968
220
62445
750
11882
210406
1493640
2698360
15462924
2218
3451
1688862
31798161835
762636
9075
290186479776
871430
13522628
271760
24564
1
11013
8217464
132330684
5094008040
105990
4964928
66025
76783
411488
3442
576
5
62910
43035
95682414
5220
385909384
48660
3223843
18198450
83096
4784195214
9359
2934360
2807
86681530
1650370020
5825
1722
92122
26714988
9467928
282
34047
2730
7052
665
41778797
67185
3625611420
91402265
120675
1102
49953687
1882946425
230
22008144
14102143545
11958126
129195
16848321
698
744996
18676396389
84
24384
85
277508
130077388
27624
387315
2968920
7014
547418690
240
144
139632520
1346688
363307985
1045
5985720
1190044140
209179209
13971330
8138
6612
135
686
31170
2907
74187594
11779894
114831288
200446
7708
771019340
9653
6577272
40356373164
487
218340
6
127470618
206383
88
206
6496
215693207
496036752
1632032
760536
535684
489067729
1341963
21875
2190790
4259400
97392
2394
8761472258
410067612
430225
94869588
332212
1462470
571210700
2645168
62967168
1
2371050
3037112
62843850
12989
277395
10
409514
47500
3
12474
64832
910119
1376368847
1385624
2044
49
52206
741128
229258119090
162
4510
17246187
4745884
503640
10270
268290694
103734
3199
32928
6405
477
225234
122
17337945040
217842
3118375
1950948
2656807660
3213
14324372
2483153988
4967281
24975
2346
144
338624
161003052
49187010
230
20178
10
172
56252
163421
286839576
52682
74555851
558368
1284640
2460
26611392
12
147
46407296
13231
326961
201932
25755
56628
14156484
8
84060
104085
2
204020
115150550
7236363
780520
306
297
645
464455
228184032
467988
4934942496
100049688
647144
198
14294
95662
147438830
3928
3538095
9390568
108345150
7373520
44849794
540049224
3526981
5446
9702
599640
7315
7294
33729253544
16276312
4560
2093777766
4692954
262
10660
207725
2448768
103016228
396
3024
198
1234704093
116643310
22
5350980
502
8572932
10831303
481815612
149877
153
22932
41876
62314112
2947198342
589056
8947
21
1296
255193
2765
1272576582
548983
110363
2175797
500150
130491
548
1324608
253488
15