### Problem Description
Score : 475 points

### Problem Statement

You are given sequences of length N: A = (A\_1, A\_2, \dots, A\_N) and B = (B\_1, B\_2, \dots, B\_N).  
Let S be a subset of \lbrace1, 2, \dots, N\rbrace of size K.
Here, find the minimum possible value of the following expression:

\displaystyle \left(\max\_{i \in S} A\_i\right) \times \left(\sum\_{i \in S} B\_i\right).

You are given T test cases; solve each of them.

### Constraints

* 1 \leq T \leq 2 \times 10^5
* 1 \leq K \leq N \leq 2 \times 10^5
* 1 \leq A\_i, B\_i \leq 10^6
* The sum of N over all test cases is at most 2 \times 10^5.
* All input values are integers.

---

### Input

The input is given from Standard Input in the following format. Here, \mathrm{case}\_i denotes the i-th test case.

```
T
\mathrm{case}_1
\mathrm{case}_2
\vdots
\mathrm{case}_T

```

Each test case is given in the following format:

```
N K
A_1 A_2 \dots A_N
B_1 B_2 \dots B_N

```

### Output

Print T lines. The i-th line should contain the answer for the i-th test case.

---

### Your Incorrect Code
```cpp
#include<bits/stdc++.h>
using namespace std;
using ll = long long;
using VI = vector<int>;
using P = pair<int, int>;
constexpr int INF = 1001001001;
constexpr ll LINF = 1001001001001001001ll;
#define rep(i, n) for (ll i = 0; i < (ll)(n); i++)
#define rep2(i, k, n) for (ll i = k; i < (ll)(n); i++)
#define OUT(x) cout << #x << ":" << x << endl

int main(){
    int t;
    cin >> t;
    // vector<vector<int>> v(n, vector<int>(m));

    rep(qi, t){
        int n, k;
        cin >> n >> k;
        vector<ll> a(n), b(n);
        vector<P> p(n);
        rep(i, n) cin >> p[i].first;
        rep(i, n) cin >> p[i].second;
        sort(p.begin(), p.end());
        rep(i, n){
            auto[aa, bb] = p[i];
            a[i] = aa;
            b[i] = bb;
        }
        ll ans = LINF;
        ll sumB = 0;
        set<int> s;
        rep(i, k){
            s.insert(b[i]);
            sumB += b[i];
        }
        ans = min(ans, a[k-1]*(sumB));
        // OUT(maxA[0]);
        // OUT(sumB[0]);
        // OUT(ans);

        rep2(i, k, n){
            ll smax = *rbegin(s);
            s.erase(smax);
            s.insert(b[i]);
            sumB += b[i] - smax;
            
            ans = min(ans, a[i]*(sumB));
        } 
        cout << ans << '\n';
    }
}


```

### Failing Case #1
Input:
```
50000
4 3
10446 89007 20557 64538
52 51 23 5
4 4
39223 12508 10727 52307
2 1 1 2
4 4
28 31 22 5
6 200 46 192
4 3
16 23 35 59
29626 48569 21688 98023
4 1
606 600 571 277
482 481 497 35
4 2
54 44 45 6
1 2 1 3
4 2
243 663 533 981
1 8 2 3
4 4
170253 36074 468189 79564
1058 1728 1639 359
4 3
8 2 13 10
176 142 247 230
4 4
1593 3625 646 2493
53 35 55 49
4 1
347 173 350 748
287 84 1720 1072
4 1
1 1 1 1
234 292 194 23
4 1
204 265 333 292
3369 1137 2466 1072
4 3
352 491 451 406
59 23 56 16
4 1
60686 55724 38348 24913
527 483 903 492
4 4
4186 29918 7654 8446
1 2 1 2
4 1
258744 225954 86042 207888
12147 11997 4284 5093
4 4
316 240 30 273
4231 83001 35884 116062
4 1
108081 197286 3847 99851
1 1 2 2
4 1
1757 1286 378 1644
2 8 5 11
4 1
4229 10442 5510 10593
12 9 5 16
4 1
1 1 1 1
6094 5461 4413 3824
4 4
63 407 141 213
30867 13273 22023 11090
4 2
12 12 11 10
20 30 15 12
4 2
283 382 153 177
163142 265435 121606 288556
4 4
29 3 29 14
1177 6722 6752 3187
4 2
7843 10829 12367 20224
74 356 357 249
4 3
5 4 1 1
271970 470408 493384 154877
4 4
2 5 2 7
1534 2190 1817 2669
4 4
932 482 1023 736
9959 7495 9222 13812
4 1
64 487 55 410
3143 7955 504 7824
4 2
5153 968 6808 6041
10763 32477 49700 4955
4 2
17873 24771 1580 3842
115 86 10 96
4 2
1 1 1 1
12 9 14 6
4 2
84 66 61 117
29226 4891 19518 38790
4 1
255 52 80 249
237995 509924 181434 523741
4 1
36393 1057 17107 41521
802 1660 14798 4028
4 1
227 61 77 209
110 62 116 69
4 2
126 49 33 127
5487 1221 14065 3475
4 3
2 1 3 1
106724 22918 47279 81346
4 4
113 84 34 51
110 73 91 82
4 3
141 1073 494 1593
271 378 1389 464
4 3
5 8 5 7
196 86 6 255
4 1
2 1 2 1
318 459 10 147
4 3
18 55 2 17
30 187 142 235
4 2
52515 118581 26332 44830
274 363 192 229
4 3
1 2 2 2
17 29 15 11
4 2
1021 9653 9187 13265
399 950 407 130
4 3
3275 89 4000 367
3032 5149 2707 5123
4 4
6642 13186 11610 726
1 1 2 1
4 4
406 271 251 386
29 93 67 74
4 3
103 109 100 79
865 766 226 742
4 1
12593 23898 22020 28197
77314 163696 212601 163440
4 1
15167 88435 122906 187809
23 20 29 20
4 1
487 757 488 959
11252 4429 2854 3502
4 1
417 185 859 1147
2 2 4 2
4 3
12845 3209 8128 10322
9194 31094 23705 21274
4 1
19 232 248 10
34055 64947 45451 55827
4 3
34 86 86 85
542 435 429 626
4 4
72801 19076 216391 150146
1 1 1 1
4 4
1 1 1 1
442315 144641 111815 14449
4 2
38987 15781 20299 60604
23 16 16 10
4 2
1 1 1 1
16 10 12 7
4 3
1 2 1 2
9198 12194 9020 8072
4 3
1 1 1 1
4329 11828 15230 12369
4 4
656 199 1007 208
18580 20253 28772 17719
4 3
116970 243565 198219 27560
3 2 3 1
4 4
28910 31397 10999 26777
15 18 27 15
4 1
277771 391759 114434 215135
5374 13359 9038 2953
4 3
4 4 1 3
1 2 3 4
4 4
16328 21772 8381 23721
1 1 1 1
4 4
447 363 136 413
13 63 12 32
4 2
69 60 253 67
124 153 251 210
4 1
3 1 5 6
1 1 1 1
4 3
11622 5362 9734 14169
18 96 65 27
4 4
299141 365727 268587 262091
1 1 1 1
4 3
389 403 46 319
423 129 410 9
4 4
121 68 63 68
361069 142996 198788 465101
4 1
14748 17558 6225 3622
6536 2571 8692 11114
4 1
489 391 479 486
406 99 39 87
4 1
389 981 810 820
7488 15628 2783 14897
4 1
46 207 21 168
2 2 4 1
4 2
616 810 722 112
1 3 3 4
4 1
59071 51959 48119 35541
57 57 10 65
4 1
56220 136120 233651 136675
20778 166536 28335 124851
4 1
62 56 42 58
41 106 66 71
4 3
2677 684 9074 9270
933 1946 1986 716
4 1
380343 396099 427849 349648
14837 1329 28867 8569
4 1
1 2 2 1
1 2 2 1
4 3
385 131 289 401
171281 34539 156925 1126
4 1
8866 15427 24745 9855
473 154 388 636
4 4
220191 107359 499818 415551
490 385 241 112
4 2
2018 81 3540 797
47365 34730 13504 1204
4 4
2350 3781 1928 568
421 398 234 668
4 3
7 5 8 2
5 24 27 8
4 2
20054 12283 26118 18581
37 111 126 8
4 4
88 108 137 203
206395 140981 212703 86235
4 3
9332 14058 26290 26805
19 20 18 10
4 1
68 247 253 127
317150 93424 333455 375383
4 1
10 11 12 16
2 22 31 26
4 3
52158 76445 109882 90139
5769 5188 3900 331
4 3
2 1 2 1
10 59 64 47
4 1
1 1 1 1
61 256 298 360
4 2
24 8 17 21
23 104 46 29
4 2
14 9 1 11
1 1 1 2
4 3
1159 295 2299 1015
9 23 23 72
4 4
61535 43025 3981 46078
1 6 7 7
4 3
1 1 1 1
1 5 2 2
4 4
21 51 41 98
433 173 390 60
4 3
14114 5017 11461 4360
73 104 85 78
4 4
7331 10791 15293 2024
1 1 3 8
4 2
3 3 1 1
7 5 3 4
4 2
4 1 1 4
770 6299 3338 4269
4 3
21 99 119 7
346 438 215 146
4 3
288 166 355 168
7539 11573 11593 29020
4 4
1 1 1 1
2 3 4 2
4 1
1 4 2 4
5620 715 6976 6355
4 2
9969 11198 5785 92
38 50 58 23
4 2
2 2 1 1
24898 24866 24896 5430
4 2
46190 44884 1790 52192
4 8 2 15
4 2
146 72 187 190
112 1956 1771 2026
4 3
284 7582 2552 4313
1 11 12 7
4 3
6972 5656 1647 5188
6167 7044 334 3681
4 3
161550 7050 317283 111955
16022 13919 11513 7946
4 3
1 1 1 2
184 479 129 50
4 2
10404 12602 28164 14906
1 2 1 2
4 1
142427 111946 250765 90390
4 2 4 4
4 1
11 1 6 10
2 1 1 2
4 1
3137 3492 3018 872
7333 4062 6652 7125
4 3
1332 2046 541 2022
5 35 206 38
4 2
6802 7222 13904 9774
27154 257021 37717 185822
4 3
2 1 2 1
433431 450178 520716 102831
4 3
23894 32383 20362 5260
28 1355 2029 527
4 4
1 1 1 1
1 1 1 1
4 2
1 1 1 1
127 132 448 427
4 3
406 3207 3152 203
785 894 375 246
4 3
498772 297235 284720 104126
3766 300 3308 2787
4 2
1062 1978 1651 1172
265 927 894 700
4 4
2023 1599 545 1081
15361 121713 119184 73558
4 3
1493 1158 783 1346
113 5 62 20
4 4
71401 202081 112462 231262
496235 490332 90853 387130
4 3
1 1 2 1
28883 68634 21073 19170
4 2
29428 235883 560 63917
720 376 1000 546
4 2
25746 19926 2535 8761
27 15 30 7
4 1
4 1 5 4
249 285 227 304
4 2
5526 4902 2853 7880
176788 115936 176659 510501
4 1
11960 5886 14811 12358
13509 4185 12275 12310
4 3
321114 308762 290985 147855
54 60 138 119
4 4
1 1 1 1
86 12 12 51
4 3
17769 24846 17941 12644
302 1706 2248 5422
4 2
2984 2614 2237 4010
2 2 1 2
4 1
53292 20567 63890 71978
93 39 39 39
4 4
21 31 13 10
267 371 164 17
4 4
100 660 28 73
23 12 26 4
4 3
11 16 43 47
12 13 9 13
4 1
109 42 95 253
57 56 100 75
4 3
1237 2710 1806 2695
174 188 187 49
4 4
1 11 13 4
2 1 1 2
4 4
4 6 6 2
2 1 1 2
4 3
1948 1645 1675 1391
15 16 11 4
4 1
3699 6221 2342 801
991 281 100 746
4 4
33643 121456 83176 126776
5 1 3 5
4 3
56 39 45 11
68621 127389 123191 122158
4 3
7 73 74 119
2 9 8 3
4 3
2268 2140 650 2975
1311 3560 219 6401
4 2
3556 3814 3574 1948
5434 6250 642 6539
4 4
16120 12218 11716 3462
3138 895 2191 3997
4 1
24129 28399 23336 32500
6778 4899 12194 8702
4 4
1927 1756 3288 1062
78 175 47 223
4 1
1128 956 2008 867
1 3 2 4
4 2
1214 1783 1744 1053
168404 506369 337630 503279
4 4
7 6 7 4
111 118 810 699
4 3
3760 5106 4662 3915
19 47 25 2
4 1
2550 9027 8940 10444
180 169 378 369
4 2
65175 49275 24703 27049
4 12 6 6
4 2
119236 87115 111518 63984
807 436 786 41
4 2
115 121 67 30
224962 205840 592 132015
4 2
2 29 26 10
6062 6049 5493 5829
4 3
48 104 99 102
29098 57840 26831 49615
4 4
111 120 99 223
64 59 34 29
4 4
1 2 2 3
1 2 1 1
4 4
186 183 206 454
39871 59364 114652 86027
4 1
20 267 456 399
5721 3712 1276 110
4 4
8077 1074 3248 4117
1866 572 805 980
4 3
1843 556 999 1180
2324 5295 5339 6496
4 3
1758 2702 3672 3363
613 909 413 628
4 1
23707 19045 13011 30547
4 8 5 7
4 1
3 3 9 15
57090 13336 11863 15331
4 4
251 506 119 155
240 795 467 35
4 2
4795 13061 16012 15644
1532 1564 594 1232
4 2
31 118 105 74
1 1 1 1
4 4
39 16 44 42
2 1 2 1
4 2
1 1 1 1
7996 49577 73387 115855
4 3
4571 1790 2656 2531
4199 287 19753 31805
4 1
1577 1179 329 1814
1 2 1 1
4 3
67529 59758 64217 116337
77 103 39 43
4 3
2585 3860 10383 2911
31894 9482 23332 12133
4 4
4750 410265 228743 298111
185 290 159 377
4 3
5076 7233 2638 8082
2699 3638 231 2144
4 3
1869 505 1055 1892
92 84 83 83
4 4
11 40 59 23
2 2 4 1
4 1
3 3 27 58
1272 772 1102 1501
4 4
186 2006 45 1134
3 3 7 7
4 4
1399 914 61 263
428307 121289 273162 187954
4 4
182551 4193 22379 322161
3 77 63 86
4 4
1208 1064 682 405
29150 19340 16842 16804
4 4
5115 430 6538 6449
220 205 235 135
4 4
720 99 715 503
329524 214148 390208 14848
4 1
49928 64144 22428 49181
1285 1833 2476 2227
4 2
2 2 1 2
1 1 1 1
4 4
54 39 41 22
9 21 30 7
4 2
2043 1903 1687 376
93333 103217 87612 115555
4 2
60601 10003 61525 40257
108 111 36 86
4 1
2970 3443 136 388
61 77 263 178
4 3
43 59 189 57
42856 3734 99707 24688
4 2
30438 31008 16100 4662
2997 1227 2957 2260
4 1
21 12 26 10
4185 8576 16262 118
4 3
136762 412809 263809 342826
410239 295601 86605 270661
4 3
13 48 1 23
7224 3288 1957 2152
4 2
132 189 192 175
329442 26246 260018 144719
4 3
7812 265 5650 12910
1 3 2 1
4 1
108 3 124 95
1 5 8 7
4 1
24 15 14 5
369 246 352 60
4 2
1 1 1 1
5613 6037 6843 2843
4 1
41082 75510 32135 69385
59207 18084 128382 56834
4 4
342 469 151 42
1 2 2 2
4 1
20 167 38 12
181 6 118 206
4 4
8224 742 1818 3754
14 22 60 40
4 4
5492 313 1935 80
206 100 220 75
4 4
1 1 1 1
238068 147196 31062 243074
4 4
13283 7102 27286 29820
19 32 20 28
4 3
13 8 5 15
1 1 1 2
4 2
875 1221 697 2100
45 106 26 22
4 3
958 960 183 608
36134 36407 50114 54477
4 4
2 119 108 98
1 4 3 3
4 2
441 185 164 368
107 67 97 51
4 2
168 311 458 412
3 1 4 6
4 1
24186 72588 17859 118136
15 8 15 8
4 3
64010 61763 32387 6923
1179 1151 1313 1761
4 1
165 185 163 48
601 817 718 484
4 1
12 5 6 1
507 82 48 497
4 1
12 4 2 2
1 2 1 2
4 3
1028 3659 1528 2484
8481 2667 48588 48891
4 1
318146 155279 317452 458064
365867 219539 221876 500478
4 4
2819 2635 978 3321
1 1 1 1
4 2
189 133 42 187
8808 12527 25670 31965
4 4
4 1 27 29
13 19 60 35
4 2
8116 6932 2017 5240
97 29 56 40
4 3
13 7 16 5
17 20 11 18
4 4
3923 7903 3597 1586
602 467 848 362
4 4
342 281 98 771
278014 155899 399194 233331
4 2
30 28 27 33
9359 2397 1477 15135
4 3
3 3 4 1
322 1844 1457 1375
4 1
37446 126057 74040 56558
6692 353 6029 4974
4 3
12932 10414 6508 16002
1 1 1 1
4 3
1 1 2 1
1858 886 867 1973
4 2
7 3 8 2
1944 1936 593 664
4 1
2 3 14 4
1 5 3 8
4 2
3387 3198 2448 3728
2 2 2 1
4 1
2 2 3 3
24 19 33 36
4 3
336 1545 520 3747
2697 950 2046 3230
4 2
20 21 1 9
2 2 2 2
4 3
1 2 1 1
3378 3165 1489 1817
4 1
200217 301919 48520 428738
4229 7908 4982 6514
4 1
18 27 4 11
6 13 8 5
4 4
1298 224 232 1930
285917 332088 495154 496679
4 4
14 9 12 2
201 272 208 164
4 1
1 1 1 1
60 11 64 40
4 2
365427 297444 78468 78836
1 4 3 3
4 3
111064 55971 84004 86412
1192 1028 747 3584
4 4
765 578 505 193
1 2 2 2
4 2
2 1 1 1
404 347 56 233
4 3
6357 1323 2072 3227
14 7 8 16
4 1
515 796 1403 180
6854 4279 386 3787
4 3
224 54 108 446
1047 1747 16207 11293
4 2
187 194 173 198
23777 57658 16337 39868
4 3
2 1 4 4
260781 2681 148402 70706
4 3
562 930 780 580
488 1021 66 547
4 1
1 1 1 1
1962 76 1516 992
4 2
8 6 8 4
66 120 121 2
4 2
9 15 4 11
210 3589 1795 3866
4 1
20 571 154 1874
4599 1470 16910 60815
4 1
237 197 71 254
55814 260264 183230 185079
4 4
885 324 3917 1096
1 1 1 1
4 3
79143 126726 14836 116795
2 1 1 1
4 3
887 612 477 396
4 1 3 3
4 2
175975 258423 206269 452082
2 1 2 2
4 2
616 638 1555 1980
149 65 224 198
4 3
4 1 1 3
1969 685 3626 52
4 1
462 35 10 866
1 1 1 1
4 3
9 1 2 4
155071 181968 10152 127489
4 1
245 1134 922 1551
313736 195132 13964 456794
4 1
4 4 3 3
31 12 14 31
4 1
2002 6462 6480 7176
8064 3942 2125 251
4 2
17211 11148 42958 6889
60 699 931 437
4 4
1 1 15 1
16359 1156 10575 5147
4 1
1337 14647 3838 10462
1134 2972 774 3005
4 2
403796 53768 344412 129502
1 2 2 2
4 1
2 2 2 1
1 12 5 13
4 1
8 2 1 1
255 81 70 95
4 3
12175 2204 12224 4056
16 11 13 7
4 1
118013 119786 102804 35412
51217 65479 51434 51546
4 4
65758 301223 148339 206427
1851 912 478 239
4 1
2 1 2 2
101568 65801 312991 318584
4 4
57 105 24 24
114 55 91 4
4 2
86 3035 1798 134
255926 269286 223449 295430
4 4
102 123 102 3
90884 58707 63072 117654
4 3
4961 16660 8046 32200
80 65 20 21
4 2
392 309 336 377
11144 3153 27533 89
4 3
25938 15743 21138 5538
2 3 3 1
4 4
1 2 1 2
36598 77200 127089 22996
4 1
13470 9697 9948 1200
1 3 3 3
4 1
6 4 3 8
2 1 2 1
4 1
16 3 16 11
234 221 380 488
4 4
7 1 7 7
2584 47770 8732 30134
4 3
15 16 8 14
10863 9226 12295 14050
4 2
523 485 101 174
89639 47923 16080 62589
4 3
1 345 183 496
10 9 10 9
4 3
9684 6035 14539 14316
34 88 120 195
4 1
488 1421 1752 919
46 96 35 87
4 2
2722 8148 757 4932
17375 4852 1584 9251
4 3
47827 36448 44409 57787
496 172 14 39
4 2
64 37 8 40
17659 16773 9380 15527
4 3
374 949 382 355
2 5 4 5
4 2
918 730 617 667
27 57 10 9
4 2
126039 46286 35296 79228
1 1 1 4
4 1
344 62 192 205
151225 216286 18749 213377
4 3
45611 213444 16091 198264
1 1 1 2
4 3
70813 48880 80183 46000
38 24 12 12
4 2
247 138 222 169
5421 147 3234 2953
4 1
304 160 349 289
6926 9864 15072 11727
4 2
129 45 72 232
15 1 10 10
4 4
68499 5175 45360 120768
2 1 2 1
4 2
1 7 8 2
2 1 2 1
4 4
85 99 64 100
13 31 29 6
4 1
9299 19198 12469 64608
7 4 4 1
4 2
87 86 1335 943
2987 2072 3753 2493
4 3
189256 18500 218843 469280
47130 49021 49555 24828
4 4
3733 3505 2421 2967
8649 4991 9581 5780
4 4
231 36 107 185
69 34 47 74
4 2
77 93 12 2
414886 415056 185132 451862
4 3
64813 60222 19519 27864
46787 26588 42677 39557
4 1
61 8 32 30
223 221 124 218
4 4
29725 30853 64177 47666
20466 29181 10787 1541
4 4
1454 722 942 1991
3 1 3 4
4 1
34612 1107 51911 24364
15 6 9 4
4 1
10158 3689 12595 11410
159 3204 3050 3231
4 1
4 1 3 3
115 114 123 112
4 1
3196 2559 6718 4979
76016 111909 79498 123468
4 4
2 61 12 40
39 56 58 30
4 1
21239 29448 13668 9238
104 124 106 498
4 3
25 3 4 11
84 858 614 321
4 3
188 198 54 206
2916 647 1668 2363
4 2
5 2 1 2
70 37 83 25
4 4
1 2 4 1
150121 413709 456298 285289
4 2
163323 463481 208725 5978
876 3447 2111 399
4 4
3091 7574 610 4860
11 71 66 50
4 1
305 425 412 78
2 5 9 3
4 3
57 39 62 52
4 2 1 3
4 2
62364 27686 37232 12633
176 226 145 128
4 2
3 2 4 1
2 1 2 2
4 3
160 176 401 402
1337 885 3915 2780
4 2
653 500 754 704
30592 3017 14326 26653
4 1
1682 511 1154 1551
186 104 226 114
4 2
53064 8919 55423 28
85803 116790 11015 54485
4 3
5680 8183 7407 12748
13 28 13 13
4 4
20807 2203 32235 9829
27963 26997 20400 16214
4 2
28 28 2 29
15 58 88 1
4 3
24 32 16 17
3 3 4 3
4 2
18 31 21 16
6083 4966 4260 4337
4 2
82 9 35 5
112202 163363 461612 30559
4 3
1243 326 54 169
1 1 1 1
4 3
2 1 2 1
7869 5722 5269 3909
4 2
20134 33336 1247 12414
2 2 1 2
4 2
6 13 24 2
1 61 51 60
4 1
37392 21754 25699 46002
6 6 4 2
4 4
424 5720 2416 335
473 359 205 29
4 1
175 54 196 98
6 2 8 2
4 3
10384 9953 7267 8973
359294 495651 511133 399270
4 2
420675 503932 25406 24287
2634 13558 11939 5697
4 3
1151 1291 1461 1570
4254 6029 319 1174
4 2
625 33 54 133
1 2 1 1
4 1
43887 49034 20967 2892
9 3 14 16
4 4
1082 1793 1658 631
95913 32621 84011 31514
4 4
281313 3982 298049 365804
65183 40700 54235 46584
4 1
169 134 42 137
1 15 4 16
4 2
19 502 112 424
854 831 1379 204
4 1
424445 305122 303498 268775
1457 1142 1964 3335
4 1
2 2 4 2
462 5 117 157
4 3
115344 14405 27943 175536
249908 141791 60190 123697
4 1
3758 3638 2393 649
52 6822 6795 9669
4 1
13 1 5 12
10 7 24 1
4 4
535 307 738 523
1804 482 1181 460
4 2
122329 86084 41368 31705
8 6 181 28
4 2
7586 2614 4865 7573
5242 18184 60355 25886
4 1
917 49702 42515 51372
76 679 971 574
4 4
6 2 1 1
1557 1095 1237 1882
4 2
3666 3486 2830 709
4 3 1 4
4 2
14320 28947 23787 1153
7 1 5 4
4 2
30740 195127 72428 167385
6361 12394 17125 30749
4 2
64 42 5 30
908 1040 819 14
4 3
1 2 1 1
490 273 7 422
4 1
166199 475247 307767 272972
6 2 3 8
4 3
157 488 305 229
62 49 24 20
4 3
283418 75754 192948 59888
4706 7498 7594 2916
4 3
20 3 10 30
214 164 175 104
4 1
13992 8854 2756 2893
345365 466702 15432 166389
4 3
2856 3160 1810 613
166 151 90 183
4 2
111804 38399 25061 25261
48 101 19 89
4 4
1 2 1 2
13018 13522 3199 1959
4 4
17 255 210 205
1 2 2 2
4 1
355290 105159 217809 356933
10586 48974 7149 34533
4 3
43 112 94 107
27740 129543 136624 87265
4 2
25 24 28 18
299 1812 3856 3508
4 2
1 1 1 1
48561 57567 7104 14587
4 1
2 2 2 1
31 41 38 57
4 2
222 1257 1043 1883
948 226 1184 46
4 3
29 3 32 5
2289 7923 3283 9669
4 4
1670 7639 5114 5616
20 231 128 99
4 4
1636 891 2044 1527
1 1 1 1
4 4
13726 8586 6290 13972
26028 106989 203357 114231
4 3
24301 9903 29017 55091
471827 225109 20053 490776
4 4
78 210 87 238
91 1764 1125 563
4 2
179 28 219 217
1 1 1 1
4 3
1051 5857 7192 5065
3 4 1 1
4 4
1 1 1 1
6 2 5 8
4 3
1718 8079 1210 2169
2063 6861 686 4468
4 3
449444 227845 401787 262158
75894 125068 26653 78793
4 3
489 171 297 71
39175 65237 53856 46934
4 1
2 1 2 2
1 1 1 1
4 3
4 1 2 2
55 26 6 36
4 2
45288 99223 253429 25702
1 2 1 2
4 4
7 3 3 8
27 12 21 21
4 4
2343 1671 1603 526
80586 246870 6837 55810
4 1
347653 504141 354790 153095
610 1905 1371 1959
4 1
34486 9776 33878 49765
78 46 127 120
4 2
283 773 1187 475
526 426 171 183
4 2
8 3 8 5
49582 6429 79908 79736
4 1
3950 3836 1238 2967
28 17 30 12
4 3
2025 580 653 190
569 1754 756 885
4 1
1 1 1 2
1 2 2 1
4 3
6 2 5 4
200 508 410 298
4 4
7825 3068 7614 4989
16509 390342 357560 366415
4 1
1 1 1 1
7830 3874 1587 2998
4 1
58 58 36 39
4 3 2 4
4 2
5 8 4 3
368476 167394 385958 409050
4 2
251 834 1341 1383
3375 25769 5196 20354
4 3
115 118 30 117
519 142 687 841
4 4
55128 103467 83185 8630
317 462 233 473
4 2
3766 73 5385 6234
129606 94774 121408 84728
4 4
126 59 54 70
3 188 60 128
4 1
79957 102427 258583 184203
7 14 6 12
4 3
31037 33930 30344 65386
11 5 1 18
4 4
1 1 1 1
27051 51456 34504 59079
4 4
50329 21195 42936 20746
6 7 4 5
4 2
14 6 16 10
95 215 85 54
4 4
6 6 8 1
2 1 1 1
4 4
2 1 2 1
2 1 2 2
4 4
48 519 35 98
197 30 206 159
4 4
158531 202654 171004 62509
58582 12931 25239 40079
4 2
33016 37669 207844 45089
11327 8888 4122 9348
4 1
118 90 27 105
2166 19756 21186 598
4 4
46 19 46 21
3521 13329 6938 5995
4 1
4371 6109 579 6675
12 15 2 11
4 4
1 1 1 1
6 3 5 3
4 2
1364 974 1708 513
27934 104861 27969 57613
4 1
23 66 54 121
1363 1404 1492 270
4 1
51849 51219 47455 102099
3241 1956 440 1719
4 4
3 1 3 1
5002 31367 15373 21920
4 3
42166 34425 64277 23972
2 2 1 2
4 3
15751 59245 62812 57146
15779 9213 15645 15395
4 3
32307 13385 24485 20694
32430 7997 19031 24287
4 1
1 2 4 2
3 5 1 5
4 4
703 1327 1353 1547
139 325 163 215
4 1
64256 56178 35493 51676
2039 196 1838 1311
4 4
471 153 304 676
12 24 6 8
4 4
3 1 3 4
558 1870 40 100
4 4
6 9 16 16
14648 61812 43053 63419
4 1
434417 227335 267390 1239
1738 462 3474 585
4 4
169 16 37 97
34 15 22 45
4 1
1 1 1 1
2294 13938 1320 10556
4 1
1100 13 1385 3512
9927 140156 69940 51549
4 2
2003 1838 1418 1364
1223 1498 1206 1952
4 4
64489 34785 24721 14484
556 992 94 266
4 1
5848 52697 38845 34412
101142 12008 5716 64794
4 4
68 252 37 152
1 1 1 1
4 4
369 41 298 47
351 539 470 651
4 2
27 5 9 9
4790 60362 63785 34684
4 1
9 9 5 24
17958 89185 21844 51786
4 2
3 14 7 8
7891 15000 5282 8029
4 1
13 16 9 106
23 130 69 423
4 3
128 106 78 14
8290 59533 18031 9
4 3
2 2 1 2
678 434 90 704
4 4
56964 87656 74066 28164
14 15 14 5
4 3
1291 714 1963 1966
31478 17673 49459 122658
4 3
1363 2419 4143 1113
8159 4063 23731 26790
4 2
1 1 4 1
1356 1375 168 1926
4 4
1001 1482 412 953
26237 46206 91685 105991
4 2
1551 458 818 1724
66212 37239 79193 29901
4 3
1 2 1 2
1 1 2 2
4 2
20086 311985 24495 114042
608 270 181 552
4 4
128 68 85 112
1 2 1 2
4 2
1672 318 1571 2004
18072 2663 99298 34268
4 1
100114 107292 79681 92851
7342 49585 46999 117075
4 1
7 7 6 6
6283 19910 17868 8688
4 4
32609 67226 125077 69336
118 70 88 5
4 4
410 2546 266 2790
7 4 30 16
4 4
87 97 30 51
31147 63541 63821 31525
4 3
86 63 75 42
10 6 14 3
4 1
337861 401980 181568 199085
4600 229 5789 1698
4 1
3706 5134 8449 8301
219685 26299 13919 8409
4 2
8 10 29 22
119 43 94 28
4 1
38 41 100 96
22 399 345 77
4 1
2523 110711 73847 57461
3 1 3 4
4 4
209 105 251 133
2 2 1 1
4 3
7795 865 16252 12503
472423 385851 502354 192446
4 3
38796 96931 59833 17671
56467 7533 64033 37934
4 2
14803 17734 23104 11660
10140 3693 10363 7851
4 2
12 56 30 42
5 8 7 6
4 3
4 7 3 13
29 5 11 20
4 3
3 3 4 4
6 4 7 4
4 2
102 222 63 53
12 14 9 15
4 3
3 3 7 1
123300 62554 732 30947
4 1
2 2 2 1
16 14 6 4
4 3
6 8 6 7
56809 16532 11083 45537
4 2
132 277 96 292
29 27 62 19
4 1
63 3 18 60
9532 555 10683 3154
4 4
1 2 1 2
2 2 2 1
4 2
8 3 2 8
978 82 942 553
4 1
58123 7346 44266 23863
2 2 1 3
4 4
1 1 1 1
387 6 278 461
4 2
163347 485176 170693 472246
599 329 987 235
4 1
317 946 411 84
3414 2307 4019 98
4 1
231447 126501 215177 196597
13 29 31 26
4 1
3 3 1 2
2 2 1 2
4 3
14042 61519 51150 26776
1 1 1 1
4 1
60 8 50 55
32865 10314 114625 124928
4 3
1408 1922 64 185
10032 38955 48077 31924
4 2
18427 6120 47287 57648
202 138 127 220
4 4
1761 1103 510 484
1 1 1 1
4 2
359 30 429 192
15 31 5 27
4 1
2628 40346 42 45205
36199 219194 429197 309336
4 3
119334 183190 232472 92423
340 410 142 400
4 4
596 992 1018 141
94 17 38 122
4 1
26463 102076 247969 158979
4 2 4 1
4 1
22 53 12 31
2260 7146 7734 315
4 1
50 1343 706 1306
128356 99753 13167 99885
4 4
1 1 1 2
5485 3315 7689 4953
4 1
3 4 2 1
1 1 1 1
4 1
76 98 235 177
1 2 1 2
4 2
38173 22543 60760 11089
1 1 1 1
4 4
543 324 955 923
1 1 1 1
4 1
20 31 24 12
153390 103657 277734 17835
4 1
1790 29299 37097 36261
17136 53783 37225 61146
4 1
25342 12844 24217 55573
487 466 177 206
4 3
22881 146866 234884 314133
122092 41916 54846 29117
4 3
256800
```
Your Output:
```
5163040
313842
13764
3495905
9695
108
1599
2239816176
5480
696000
14532
23
301305
46645
12257196
179508
368603928
75580248
7694
1890
27550
3824
31441971
297
72598674
517302
4656470
4474676
57470
41419224
27720
94952438
407252
15
1610994
14514720
1754620
3782
596392
421976
40228
1773009
2304
20
7326
18873430
86
7017185
43448000
65930
106778
188799
973615202
348841
1392752
370
695852185
558270
120916
865564
713220
649568
17
52580
28526
85921268
1387533
2354775
635293655
24
94884
53640
19113
1
1558590
1462908
220844
141322434
40254908
18681
2254230
84
2888
481190
1168139160
2542
33325650
526415571
1
77228590
2375758
613776504
28639398
6507101
259
902430
131201742
1259835
21566200
20
1017489032
232
61
1248
18
120536
1292235
5
103488
3060087
198809
7
9637
84133
10900275
11
2860
468585
30326
277140
301928
86260
62549704
6120644850
726
37806
223892
1
6213000
159588
901966384
1972880
61742096
4
259
4431712
1900817825
1130980
667217768
117102
338694762100
116687
50616160
324157
285
1434300690
24632910
74819562
161
105744576
7842
802113
25389
42900
1462
2352
1104950
78
36
51925
234200
1774864
16773210
1406
11544120
21715624
164762520
139126701
1719624
1128
815423162
12166
214452
459000
324588
41553855
8884669
118910
10765488
41478
15
136160956
43890
34109171
20213400
6073488
65055
40008
777722
29237912
148
264
57573
110796469
329
14788851
206544740
414777915
41008068
473000
531
2316
40120
1413986088
73774869
99220288
5197710
683084160
55531728
4
3618
342742729
7506050
35768
4205402
83993700
1180
263120669130
260659
32312385
46872
15
300
8456
1365522840
3283
1002
1118464
3300692
659400
2952180
39
62125
117748800
1309
30340
1244
267885
233188430
23232
288
2
218574024
34089796381
13284
4032315
3683
478308
715
18010937
822223698
108472
10623
44498121
38796
4717
7800
2
11184
38
8795685
36
6684
241726640
32
3106987340
11830
11
473016
329526888
5355
289
100037
541558
4256224
7501318
887156
858780
76
544
18045
91980
13009330
15668
380178
4284
775269
136532
10824
10
1278436
12874808
42
1801176
8553867
498555
1516158
518008
2
70
378944
1825346952
1048256040
65801
27720
73881704
40628991
2748900
1222234
147966
527766
3600
4
663
624540
518144
13688406
10005
3518438
22448
51606398
13002075
967661
4202
12673
92572
3599808
640332
3848784
523900
1578240
792
724608
6
7900
49876
440133
31886738158
108260733
51744
7643928
6553478484
1768
3977369575
21901
6642
1615122
114
242947136
11163
1448808
19723
963668
124
5221668
208236825
1499652
234
372
9800844
6
2010804
13076622
53144
1527601725
441882
2951887890
464
240
180537
1745298
978
29800
37242
366
92004
6097520
108
13023768560
448060216
9022790
162
46272
437597787
75612418408
168
250096
348449324
10
52122684816
195416
7
2898126
1712606
177709636
69692
34626
13944
144735
1701044008
24990
919
923301
32330
3474607584
11060
42530592
1253784
2728188
63396
1785
1557116541
26924303
52775
21691
57
512176
431840
3651442
8176
6295853060
20804869813
843234
358
35960
21
15653673
81502174960
49310019
1
136
135864
648
914011329
212068330
449696
336775
430825
35604
2216935
1
5448
8848713450
1587
72
3180032
11493711
159064
153648495
845015080
47754
559699
576810
172090
1107238
2086
40
14
307248
27729349474
761478835
62790
1370018
1158
17
95482324
31349
20880200
220986
252996
2392727815
1256447775
3
1302574
11010888
33800
10272
2926912
724815
19604
1320
1822028
4478044
123045012
222038020
1008
742059
855414
109220
92211
299
3370240
2404
4207488
193571430
94370028
2731
400316358
95241376
8
19326555
768
34668920
735036988
43981
35146637
159030
18433298
1634
92053420
69803109
1562
836
7569
1506
13137152160
9479581522
204721296
360
315
56
1512
650403
4
585216
12012
1665
14
3072
14692
1132
270719098
8232
3008811
1
153450
82512
126766464
6265180
7044
8580
18026274
205040304
275878
105852
9765
6417800
42884
1
76
45086
3820
214020
30673440
4286409
39542747907
34154400
1476
14404
30
51
3112
68901136
44682120
501248
251520
2621400
8092
2530
23009600
1124622
270
6
2997510
8909407
693026180
1837320
3972
14283
42247716
292896
1438977
32204
2511425
1351320848
65845788
159424
5184
2254
7772
3344
1000
4112
297486
52440
32445
6
19434
28
548142
3075948
2695
32402
5644890
1334
165093
15408
12815
59476950
1067
11916333470
89668
1113712
11200
5
35622430
176
508645775
1363448712
11012
144936
2076668
2316738
20020
211842
1014622
39
542136
255936
38709
634725
57452
39291
88510
1152996
97524
237571668
241496500
1924
1747917266
1380
75902
1178
3932032
97216
224600940
2
34
23080
3555
28839020
253273050
52426
83730250080
120
11346540
16703
7416
21
27918
211248390
2161468462
55398924
223522267
7506
403824
1308649
175396
1728069
17478171
21931051754
330804286
4
7074
1737
124
2247684
111
6
8
18020730
245106
37786817904
13728
5085708918
580396
130539
10548
531822
6999650
86409565
2165292
1377510
38415
234441
372416
368535
13282
941823414
29810
919572528
2209375
189376
1643376
25184
21535
1260
118
260
5687955240
4683
2639540
328352
340419
4482
3355034144
42138
967365
22055633320
73098
668
174
30
94896
27836501
6
140
438
1401552504
53034
4750260
42840504
276011575
7590
1061751639
11483316
27
1303985
624
5568
359160
3690
61128480
8856870
110
21279972
274500
5076478552
70060
91
141
35737515
51
319964
166
151599084
40
37290
32925
1105800
16660
338
1184
22383280
6375655
401216
123081240
728184
8547
231
41970
221207
18311
924
834
10065900
975
1017982
26530560
5928503
42
20545488
31740
77778927
59040
20424
16244871000
12645
602154
4301
7099
30726156
196938
15260
157225
1080
10
324
439087
64
1792
50121
45078922
41507088
1996868
585320817
11
20296
3824106
56211232
21978
77867625
626130
3348415
2
32556
7776576
2661196352
739500
27777776
6031557315
105336466740
640044
934851456
1178305
4005612
20130
374684138
90728
320511
16140
26
975965616
978450
1116423
9804
18258
15754
51536
39058880
5610
8142966
4811329320
15
258
108
85351091
790
267
21182
16
259292
784524
929890
1540693
28811520
3750
27640
1408937502
4042
87
8948567550
145
239498
210197014526
746258979
9564
289
2223
4444
332
715
26912976
168
5927803776
319206535
18072
7880
3144741
11451
245248
16163
155414780
93294
461906
188320
14205254
490
22442
2300
226800
273156
80036816
54112
10383602
1183270
1220
443472
346608
30366626
645794
1057
337346841
41300
32968
220
62445
750
11882
210406
1493640
2698360
15462924
2218
3451
1688862
31798161835
762636
9075
290186479776
871430
13522628
271760
24564
1
11013
8217464
132330684
5094008040
105990
4964928
66025
76783
411488
3442
576
5
62910
43035
95682414
5220
385909384
48660
3223843
18198450
83096
4784195214
9359
2934360
2807
86681530
1650370020
5825
1722
92122
26714988
9467928
282
34047
2730
7052
665
41778797
67185
3625611420
91402265
120675
1102
49953687
1882946425
230
22008144
14102143545
11958126
129195
16848321
698
744996
18676396389
84
24384
85
277508
130077388
27624
387315
2968920
7014
547418690
240
144
139632520
1346688
363307985
1045
5985720
1190044140
209179209
13971330
8138
6612
135
686
31170
2907
74187594
11779894
114831288
200446
7708
771019340
9653
6577272
40356373164
487
218340
6
127470618
206383
88
206
6496
215693207
496036752
1632032
760536
535684
489067729
1341963
21875
2190790
4259400
97392
2394
8761472258
410067612
430225
94869588
332212
1462470
571210700
2645168
62967168
1
2371050
3037112
62843850
12989
277395
10
409514
47500
3
12474
64832
910119
1376368847
1385624
2044
49
52206
741128
229258119090
162
4510
17246187
4745884
503640
10270
268290694
103734
3199
32928
6405
477
225234
122
17337945040
217842
3118375
1950948
2656807660
3213
14324372
2483153988
4967281
24975
2346
144
338624
161003052
49187010
230
20178
10
172
56252
163421
286839576
52682
74555851
558368
1284640
2460
26611392
12
147
46407296
13231
326961
201932
25755
56628
14156484
8
84060
104085
2
204020
115150550
7236363
780520
306
297
645
464455
228184032
467988
4934942496
100049688
647144
198
14294
95662
147438830
3928
3538095
9390568
108345150
7373520
44849794
540049224
3526981
5446
9702
599640
7315
7294
33729253544
16276312
4560
2093777766
4692954
262
10660
207725
2448768
103016228
396
3024
198
1234704093
116643310
22
5350980
502
8572932
10831303
481815612
149877
153
22932
41876
62314112
2947198342
589056
8947
21
1296
255193
2765
1272576582
548983
110363
2175797
500150
130491
548
1324608
253488
15
```
Expected Output:
```
5163040
313842
13764
3495905
9695
108
1599
2239816176
5480
696000
14532
23
301305
46645
12257196
179508
368603928
75580248
7694
1890
27550
3824
31441971
297
72598674
517302
4656470
4474676
57470
41419224
27720
94952438
407252
15
1610994
14514720
1754620
3782
596392
421976
40228
1773009
2304
20
7326
18873430
86
7017185
43448000
65930
106778
188799
973615202
348841
1392752
370
695852185
558270
120916
865564
713220
649568
17
52580
28526
85921268
1387533
2354775
635293655
24
94884
53640
19113
1
1558590
1462908
220844
141322434
40254908
18681
2254230
84
2888
481190
1168139160
2542
33325650
526415571
1
77228590
2375758
613776504
28639398
6507101
259
902430
131201742
1259835
21566200
20
1017489032
232
61
1248
18
120536
1292235
5
103488
3060087
198809
7
9637
84133
10900275
11
2860
468585
30326
277140
301928
86260
62549704
6120644850
726
37806
223892
1
6213000
159588
901966384
1972880
61742096
4
259
4431712
1900817825
1130980
667217768
117102
338694762100
116687
50616160
324157
285
1434300690
24632910
74819562
161
105744576
7842
802113
25389
42900
1462
2352
1104950
78
36
51925
234200
1774864
16773210
1406
11544120
21715624
164762520
139126701
1719624
1128
815423162
12166
214452
459000
324588
41553855
8884669
118910
10765488
41478
15
136160956
43890
34109171
20213400
6073488
65055
40008
777722
29237912
148
264
57573
110796469
329
14788851
206544740
414777915
41008068
473000
531
2316
40120
1413986088
73774869
99220288
5197710
683084160
55531728
4
3618
342742729
7506050
35768
4205402
83993700
1180
263120669130
260659
32312385
46872
15
300
8456
1365522840
3283
1002
1118464
3300692
659400
2952180
39
62125
117748800
1309
30340
1244
267885
233188430
23232
288
2
218574024
34089796381
13284
4032315
3683
478308
715
18010937
822223698
108472
10623
44498121
38796
4717
7800
2
11184
38
8795685
36
6684
241726640
32
3106987340
11830
11
473016
329526888
5355
289
100037
541558
4256224
7501318
887156
858780
76
544
18045
91980
13009330
15668
380178
4284
775269
136532
10824
10
1278436
12874808
42
1801176
8553867
498555
1516158
518008
2
70
378944
1825346952
1048256040
65801
27720
73881704
40628991
2748900
1222234
147966
527766
3600
4
663
624540
518144
13688406
10005
3518438
22448
51606398
13002075
967661
4202
12673
92572
3599808
640332
3848784
523900
1578240
792
724608
6
7900
49876
440133
31886738158
108260733
51744
7643928
6553478484
1768
3977369575
21901
6642
1615122
114
242947136
11163
1448808
19723
963668
124
5221668
208236825
1499652
234
372
9800844
6
2010804
13076622
53144
1527601725
441882
2951887890
464
240
180537
1745298
978
29800
37242
366
92004
6097520
108
13023768560
448060216
9022790
162
46272
437597787
75612418408
168
250096
348449324
10
52122684816
195416
7
2898126
1712606
177709636
69692
34626
13944
144735
1701044008
24990
919
923301
32330
3474607584
11060
42530592
1253784
2728188
63396
1785
1557116541
26924303
52775
21691
57
512176
431840
3651442
8176
6295853060
20804869813
843234
358
35960
21
15653673
81502174960
49310019
1
136
135864
648
914011329
212068330
449696
336775
430825
35604
2216935
1
5448
8848713450
1587
72
3180032
11493711
159064
153648495
845015080
47754
559699
576810
172090
1107238
2086
40
14
307248
27729349474
761478835
62790
1370018
1158
17
95482324
31349
20880200
220986
252996
2392727815
1256447775
3
1302574
11010888
33800
10272
2926912
724815
19604
1320
1822028
4478044
123045012
222038020
1008
742059
855414
109220
92211
299
3370240
2404
4207488
193571430
94370028
2731
400316358
95241376
8
19326555
768
34668920
735036988
43981
35146637
159030
18433298
1634
92053420
69803109
1562
836
7569
1506
13137152160
9479581522
204721296
360
315
56
1512
650403
4
585216
12012
1665
14
3072
14692
1132
270719098
8232
3008811
1
153450
82512
126766464
6265180
7044
8580
18026274
205040304
275878
105852
9765
6417800
42884
1
76
45086
3820
214020
30673440
4286409
39542747907
34154400
1476
14404
30
51
3112
68901136
44682120
501248
251520
2621400
8092
2530
23009600
1124622
270
6
2997510
8909407
693026180
1837320
3972
14283
42247716
292896
1438977
32204
2511425
1351320848
65845788
159424
5184
2254
7772
3344
1000
4112
297486
52440
32445
6
19434
28
548142
3075948
2695
32402
5644890
1334
165093
15408
12815
59476950
1067
11916333470
89668
1113712
11200
5
35622430
176
508645775
1363448712
11012
144936
2076668
2316738
20020
211842
1014622
39
542136
255936
38709
634725
57452
39291
88510
1152996
97524
237571668
241496500
1924
1747917266
1380
75902
1178
3932032
97216
224600940
2
34
23080
3555
28839020
253273050
52426
83730250080
120
11346540
16703
7416
21
27918
211248390
2161468462
55398924
223522267
7506
403824
1308649
175396
1728069
17478171
21931051754
330804286
4
7074
1737
124
2247684
111
6
8
18020730
245106
37786817904
13728
5085708918
580396
130539
10548
531822
6999650
86409565
2165292
1377510
38415
234441
372416
368535
13282
941823414
29810
919572528
2209375
189376
1643376
25184
21535
1260
118
260
5687955240
4683
2639540
328352
340419
4482
3355034144
42138
967365
22055633320
73098
668
174
30
94896
27836501
6
140
438
1401552504
53034
4750260
42840504
276011575
7590
1061751639
11483316
27
1303985
624
5568
359160
3690
61128480
8856870
110
21279972
274500
5076478552
70060
91
141
35737515
51
319964
166
151599084
40
37290
32925
1105800
16660
338
1184
22383280
6375655
401216
123081240
728184
8547
231
41970
221207
18311
924
834
10065900
975
1017982
26530560
5928503
42
20545488
31740
77778927
59040
20424
16244871000
12645
602154
4301
7099
30726156
196938
15260
157225
1080
10
324
439087
64
1792
50121
45078922
41507088
1996868
585320817
11
20296
3824106
56211232
21978
77867625
626130
3348415
2
32556
7776576
2661196352
739500
27777776
6031557315
105336466740
640044
934851456
1178305
4005612
20130
374684138
90728
320511
16140
26
975965616
978450
1116423
9804
18258
15754
51536
39058880
5610
8142966
4811329320
15
258
108
85351091
790
267
21182
16
259292
784524
929890
1540693
28811520
3750
27640
1408937502
4042
87
8948567550
145
239498
210197014526
746258979
9564
289
2223
4444
332
715
26912976
168
5927803776
319206535
18072
7880
3144741
11451
245248
16163
155414780
93294
461906
188320
14205254
490
22442
2300
226800
273156
80036816
54112
10383602
1183270
1220
443472
346608
30366626
645794
1057
337346841
41300
32968
220
62445
750
11882
210406
1493640
2698360
15462924
2218
3451
1688862
31798161835
762636
9075
290186479776
871430
13522628
271760
24564
1
11013
8217464
132330684
5094008040
105990
4964928
66025
76783
411488
3442
576
5
62910
43035
95682414
5220
385909384
48660
3223843
18198450
83096
4784195214
9359
2934360
2807
86681530
1650370020
5825
1722
92122
26714988
9467928
282
34047
2730
7052
665
41778797
67185
3625611420
91402265
120675
1102
49953687
1882946425
230
22008144
14102143545
11958126
129195
16848321
698
744996
18676396389
84
24384
85
277508
130077388
27624
387315
2968920
7014
547418690
240
144
139632520
1346688
363307985
1045
5985720
1190044140
209179209
13971330
8138
6612
135
686
31170
2907
74187594
11779894
114831288
200446
7708
771019340
9653
6577272
40356373164
487
218340
6
127470618
206383
88
206
6496
215693207
496036752
1632032
760536
535684
489067729
1341963
21875
2190790
4259400
97392
2394
8761472258
410067612
430225
94869588
332212
1462470
571210700
2645168
62967168
1
2371050
3037112
62843850
12989
277395
10
409514
47500
3
12474
62434
910119
1376368847
1385624
2044
49
52206
741128
229258119090
162
4510
17246187
4745884
503640
10270
268290694
103734
3199
32928
6405
477
225234
122
17337945040
217842
3118375
1950948
2656807660
3213
14324372
2483153988
4967281
24975
2346
144
338624
161003052
49187010
230
20178
10
172
56252
163421
286839576
52682
74555851
558368
1284640
2460
26611392
12
147
46407296
13231
326961
201932
25755
56628
14156484
8
84060
104085
2
204020
115150550
7236363
780520
306
297
645
464455
228184032
467988
4934942496
100049688
647144
198
14294
95662
147438830
3928
3538095
9390568
108345150
7373520
44849794
540049224
3526981
5446
9702
599640
7315
7294
33729253544
16276312
4560
2093777766
4692954
262
10660
207725
2448768
103016228
396
3024
198
1234704093
116643310
22
5350980
502
8572932
10831303
481815612
149877
153
22932
41876
62314112
2947198342
589056
8947
21
1296
255193
2765
1272576582
548983
110363
2175797
500150
130491
548
1324608
253488
15
```
Error Analysis: Line 1055: Got '64832', Expected '62434'

### Your Task
Fix the C++ code to pass ALL test cases (including hidden ones).

### Critical Guidelines
1. Focus on algorithmic correctness - NO hard-coded values or special cases
2. Ensure proper data structures and complexity (aim for O(N log N) or better when possible)
3. Handle edge cases (empty input, single elements, max constraints)
4. Use standard C++20 features; avoid non-portable code

### Output Format
Provide ONLY the complete fixed C++ code in a single ```cpp block.
