### Problem Description
patched placeholder

### Your Incorrect Code
```cpp
#include <bits/stdc++.h>
using namespace std;

int main() {
  int N;
  cin >> N;
  vector<long long> A(N);
  for (int i = 0; i < N; i++) cin >> A[i];
  vector<long long> dp(2);
  dp[0] = 0;
  for (int i = 0; i < N; i++) {
    vector<long long> p(2);
    swap(dp, p);
    for (int j = 0; j < 2; j++) {
      // 逃すとき
      dp[j] = max(dp[j], p[j]);
      // 倒すとき
      dp[j ^ 1] = max(dp[j ^ 1], p[j] + A[i]);
      if (j == 1 && i > 0) dp[j ^ 1] = max(dp[j ^ 1], p[j] + 2 * A[i]);  // 修正: i>0 <- i>1
    }
  }
  long long ans = max(dp[0], dp[1]);
  cout << ans << endl;
  return 0;
}
// 2025-06-05 解説AC
```

### Failing Case #1
Input:
```
200000
1000000000 1 1000000000 1 1000000000 1 1000000000 1 1000000000 1 1000000000 1 1000000000 1 1000000000 1 1000000000 1 1000000000 1 1000000000 1 1000000000 1 1000000000 1 1000000000 1 1000000000 1 1000000000 1 1000000000 1 1000000000 1 1000000000 1 1000000000 1 1000000000 1 1000000000 1 1000000000 1 1000000000 1 1000000000 1 1000000000 1 1000000000 1 1000000000 1 1000000000 1 1000000000 1 1000000000 1 1000000000 1 1000000000 1 1000000000 1 1000000000 1 1000000000 1 1000000000 1 1000000000 1 1000000000 1 1000000000 1 1000000000 1 1000000000 1 1000000000 1 1000000000 1 1000000000 1 1000000000 1 1000000000 1 1000000000 1 1000000000 1 1000000000 1 1000000000 1 1000000000 1 1000000000 1 1000000000 1 1000000000 1 1000000000 1 1000000000 1 1000000000 1 1000000000 1 1000000000 1 1000000000 1 1000000000 1 1000000000 1 1000000000 1 1000000000 1 1000000000 1 1000000000 1 1000000000 1 1000000000 1 1000000000 1 1000000000 1 1000000000 1 1000000000 1 1000000000 1 1000000000 1 1000000000 1 1000000000 1 1000000000 1 1000000000 1 1000000000 1 1000000000 1 1000000000 1 1000000000 1 1000000000 1 1000000000 1 1000000000 1 1000000000 1 1000000000 1 1000000000 1 1000000000 1 1000000000 1 1000000000 1 1000000000 1 1000000000 1 1000000000 1 1000000000 1 1000000000 1 1000000000 1 1000000000 1 1000000000 1 1000000000 1 1000000000 1 1000000000 1 1000000000 1 1000000000 1 1000000000 1 1000000000 1 1000000000 1 1000000000 1 1000000000 1 1000000000 1 1000000000 1 1000000000 1 1000000000 1 1000000000 1 1000000000 1 1000000000 1 1000000000 1 1000000000 1 1000000000 1 1000000000 1 1000000000 1 1000000000 1 1000000000 1 1000000000 1 1000000000 1 1000000000 1 1000000000 1 1000000000 1 1000000000 1 1000000000 1 1000000000 1 1000000000 1 1000000000 1 1000000000 1 1000000000 1 1000000000 1 1000000000 1 1000000000 1 1000000000 1 1000000000 1 1000000000 1 1000000000 1 1000000000 1 1000000000 1 1000000000 1 1000000000 1 1000000000 1 1000000000 1 1000000000 1 1000000000 1 1000000000 1 1000000000 1 1000000000 1 1000000000 1 1000000000 1 1000000000 1 1000000000 1 1000000000 1 1000000000 1 1000000000 1 1000000000 1 1000000000 1 1000000000 1 1000000000 1 1000000000 1 1000000000 1 1000000000 1 1000000000 1 1000000000 1 1000000000 1 1000000000 1 1000000000 1 1000000000 1 1000000000 1 1000000000 1 1000000000 1 1000000000 1 1000000000 1 1000000000 1 1000000000 1 1000000000 1 1000000000 1 1000000000 1 1000000000 1 1000000000 1 1000000000 1 1000000000 1 1000000000 1 1000000000 1 1000000000 1 1000000000 1 1000000000 1 1000000000 1 1000000000 1 1000000000 1 1000000000 1 1000000000 1 1000000000 1 1000000000 1 1000000000 1 1000000000 1 1000000000 1 1000000000 1 1000000000 1 1000000000 1 1000000000 1 1000000000 1 1000000000 1 1000000000 1 1000000000 1 1000000000 1 1000000000 1 1000000000 1 1000000000 1 1000000000 1 1000000000 1 1000000000 1 1000000000 1 1000000000 1 1000000000 1 1000000000 1 1000000000 1 1000000000 1 1000000000 1 1000000000 1 1000000000 1 1000000000 1 1000000000 1 1000000000 1 1000000000 1 1000000000 1 1000000000 1 1000000000 1 1000000000 1 1000000000 1 1000000000 1 1000000000 1 1000000000 1 1000000000 1 1000000000 1 1000000000 1 1000000000 1 1000000000 1 1000000000 1 1000000000 1 1000000000 1 1000000000 1 1000000000 1 1000000000 1 1000000000 1 1000000000 1 1000000000 1 1000000000 1 1000000000 1 1000000000 1 1000000000 1 1000000000 1 1000000000 1 1000000000 1 1000000000 1 1000000000 1 1000000000 1 1000000000 1 1000000000 1 1000000000 1 1000000000 1 1000000000 1 1000000000 1 1000000000 1 1000000000 1 1000000000 1 1000000000 1 1000000000 1 1000000000 1 1000000000 1 1000000000 1 1000000000 1 1000000000 1 1000000000 1 1000000000 1 1000000000 1 1000000000 1 1000000000 1 1000000000 1 1000000000 1 1000000000 1 1000000000 1 1000000000 1 1000000000 1 1000000000 1 1000000000 1 1000000000 1 1000000000 1 1000000000 1 1000000000 1 1000000000 1 1000000000 1 1000000000 1 1000000000 1 1000000000 1 1000000000 1 1000000000 1 1000000000 1 1000000000 1 1000000000 1 1000000000 1 1000000000 1 1000000000 1 1000000000 1 1000000000 1 1000000000 1 1000000000 1 1000000000 1 1000000000 1 1000000000 1 1000000000 1 1000000000 1 1000000000 1 1000000000 1 1000000000 1 1000000000 1 1000000000 1 1000000000 1 1000000000 1 1000000000 1 1000000000 1 1000000000 1 1000000000 1 1000000000 1 1000000000 1 1000000000 1 1000000000 1 1000000000 1 1000000000 1 1000000000 1 1000000000 1 1000000000 1 1000000000 1 1000000000 1 1000000000 1 1000000000 1 1000000000 1 1000000000 1 1000000000 1 1000000000 1 1000000000 1 1000000000 1 1000000000 1 1000000000 1 1000000000 1 1000000000 1 1000000000 1 1000000000 1 1000000000 1 1000000000 1 1000000000 1 1000000000 1 1000000000 1 1000000000 1 1000000000 1 1000000000 1 1000000000 1 1000000000 1 1000000000 1 1000000000 1 1000000000 1 1000000000 1 1000000000 1 1000000000 1 1000000000 1 1000000000 1 1000000000 1 1000000000 1 1000000000 1 1000000000 1 1000000000 1 1000000000 1 1000000000 1 1000000000 1 1000000000 1 1000000000 1 1000000000 1 1000000000 1 1000000000 1 1000000000 1 1000000000 1 1000000000 1 1000000000 1 1000000000 1 1000000000 1 1000000000 1 1000000000 1 1000000000 1 1000000000 1 1000000000 1 1000000000 1 1000000000 1 1000000000 1 1000000000 1 1000000000 1 1000000000 1 1000000000 1 1000000000 1 1000000000 1 1000000000 1 1000000000 1 1000000000 1 1000000000 1 1000000000 1 1000000000 1 1000000000 1 1000000000 1 1000000000 1 1000000000 1 1000000000 1 1000000000 1 1000000000 1 1000000000 1 1000000000 1 1000000000 1 1000000000 1 1000000000 1 1000000000 1 1000000000 1 1000000000 1 1000000000 1 1000000000 1 1000000000 1 1000000000 1 1000000000 1 1000000000 1 1000000000 1 1000000000 1 1000000000 1 1000000000 1 1000000000 1 1000000000 1 1000000000 1 1000000000 1 1000000000 1 1000000000 1 1000000000 1 1000000000 1 1000000000 1 1000000000 1 1000000000 1 1000000000 1 1000000000 1 1000000000 1 1000000000 1 1000000000 1 1000000000 1 1000000000 1 1000000000 1 1000000000 1 1000000000 1 1000000000 1 1000000000 1 1000000000 1 1000000000 1 1000000000 1 1000000000 1 1000000000 1 1000000000 1 1000000000 1 1000000000 1 1000000000 1 1000000000 1 1000000000 1 1000000000 1 1000000000 1 1000000000 1 1000000000 1 1000000000 1 1000000000 1 1000000000 1 1000000000 1 1000000000 1 1000000000 1 1000000000 1 1000000000 1 1000000000 1 1000000000 1 1000000000 1 1000000000 1 1000000000 1 1000000000 1 1000000000 1 1000000000 1 1000000000 1 1000000000 1 1000000000 1 1000000000 1 1000000000 1 1000000000 1 1000000000 1 1000000000 1 1000000000 1 1000000000 1 1000000000 1 1000000000 1 1000000000 1 1000000000 1 1000000000 1 1000000000 1 1000000000 1 1000000000 1 1000000000 1 1000000000 1 1000000000 1 1000000000 1 1000000000 1 1000000000 1 1000000000 1 1000000000 1 1000000000 1 1000000000 1 1000000000 1 1000000000 1 1000000000 1 1000000000 1 1000000000 1 1000000000 1 1000000000 1 1000000000 1 1000000000 1 1000000000 1 1000000000 1 1000000000 1 1000000000 1 1000000000 1 1000000000 1 1000000000 1 1000000000 1 1000000000 1 1000000000 1 1000000000 1 1000000000 1 1000000000 1 1000000000 1 1000000000 1 1000000000 1 1000000000 1 1000000000 1 1000000000 1 1000000000 1 1000000000 1 1000000000 1 1000000000 1 1000000000 1 1000000000 1 1000000000 1 1000000000 1 1000000000 1 1000000000 1 1000000000 1 1000000000 1 1000000000 1 1000000000 1 1000000000 1 1000000000 1 1000000000 1 1000000000 1 1000000000 1 1000000000 1 1000000000 1 1000000000 1 1000000000 1 1000000000 1 1000000000 1 1000000000 1 1000000000 1 1000000000 1 1000000000 1 1000000000 1 1000000000 1 1000000000 1 1000000000 1 1000000000 1 1000000000 1 1000000000 1 1000000000 1 1000000000 1 1000000000 1 1000000000 1 1000000000 1 1000000000 1 1000000000 1 1000000000 1 1000000000 1 1000000000 1 1000000000 1 1000000000 1 1000000000 1 1000000000 1 1000000000 1 1000000000 1 1000000000 1 1000000000 1 1000000000 1 1000000000 1 1000000000 1 1000000000 1 1000000000 1 1000000000 1 1000000000 1 1000000000 1 1000000000 1 1000000000 1 1000000000 1 1000000000 1 1000000000 1 1000000000 1 1000000000 1 1000000000 1 1000000000 1 1000000000 1 1000000000 1 1000000000 1 1000000000 1 1000000000 1 1000000000 1 1000000000 1 1000000000 1 1000000000 1 1000000000 1 1000000000 1 1000000000 1 1000000000 1 1000000000 1 1000000000 1 1000000000 1 1000000000 1 1000000000 1 1000000000 1 1000000000 1 1000000000 1 1000000000 1 1000000000 1 1000000000 1 1000000000 1 1000000000 1 1000000000 1 1000000000 1 1000000000 1 1000000000 1 1000000000 1 1000000000 1 1000000000 1 1000000000 1 1000000000 1 1000000000 1 1000000000 1 1000000000 1 1000000000 1 1000000000 1 1000000000 1 1000000000 1 1000000000 1 1000000000 1 1000000000 1 1000000000 1 1000000000 1 1000000000 1 1000000000 1 1000000000 1 1000000000 1 1000000000 1 1000000000 1 1000000000 1 1000000000 1 1000000000 1 1000000000 1 1000000000 1 1000000000 1 1000000000 1 1000000000 1 1000000000 1 1000000000 1 1000000000 1 1000000000 1 1000000000 1 1000000000 1 1000000000 1 1000000000 1 1000000000 1 1000000000 1 1000000000 1 1000000000 1 1000000000 1 1000000000 1 1000000000 1 1000000000 1 1000000000 1 1000000000 1 1000000000 1 1000000000 1 1000000000 1 1000000000 1 1000000000 1 1000000000 1 1000000000 1 1000000000 1 1000000000 1 1000000000 1 1000000000 1 1000000000 1 1000000000 1 1000000000 1 1000000000 1 1000000000 1 1000000000 1 1000000000 1 1000000000 1 1000000000 1 1000000000 1 1000000000 1 1000000000 1 1000000000 1 1000000000 1 1000000000 1 1000000000 1 1000000000 1 1000000000 1 1000000000 1 1000000000 1 1000000000 1 1000000000 1 1000000000 1 1000000000 1 1000000000 1 1000000000 1 1000000000 1 1000000000 1 1000000000 1 1000000000 1 1000000000 1 1000000000 1 1000000000 1 1000000000 1 1000000000 1 1000000000 1 1000000000 1 1000000000 1 1000000000 1 1000000000 1 1000000000 1 1000000000 1 1000000000 1 1000000000 1 1000000000 1 1000000000 1 1000000000 1 1000000000 1 1000000000 1 1000000000 1 1000000000 1 1000000000 1 1000000000 1 1000000000 1 1000000000 1 1000000000 1 1000000000 1 1000000000 1 1000000000 1 1000000000 1 1000000000 1 1000000000 1 1000000000 1 1000000000 1 1000000000 1 1000000000 1 1000000000 1 1000000000 1 1000000000 1 1000000000 1 1000000000 1 1000000000 1 1000000000 1 1000000000 1 1000000000 1 1000000000 1 1000000000 1 1000000000 1 1000000000 1 1000000000 1 1000000000 1 1000000000 1 1000000000 1 1000000000 1 1000000000 1 1000000000 1 1000000000 1 1000000000 1 1000000000 1 1000000000 1 1000000000 1 1000000000 1 1000000000 1 1000000000 1 1000000000 1 1000000000 1 1000000000 1 1000000000 1 1000000000 1 1000000000 1 1000000000 1 1000000000 1 1000000000 1 1000000000 1 1000000000 1 1000000000 1 1000000000 1 1000000000 1 1000000000 1 1000000000 1 1000000000 1 1000000000 1 1000000000 1 1000000000 1 1000000000 1 1000000000 1 1000000000 1 1000000000 1 1000000000 1 1000000000 1 1000000000 1 1000000000 1 1000000000 1 1000000000 1 1000000000 1 1000000000 1 1000000000 1 1000000000 1 1000000000 1 1000000000 1 1000000000 1 1000000000 1 1000000000 1 1000000000 1 1000000000 1 1000000000 1 1000000000 1 1000000000 1 1000000000 1 1000000000 1 1000000000 1 1000000000 1 1000000000 1 1000000000 1 1000000000 1 1000000000 1 1000000000 1 1000000000 1 1000000000 1 1000000000 1 1000000000 1 1000000000 1 1000000000 1 1000000000 1 1000000000 1 1000000000 1 1000000000 1 1000000000 1 1000000000 1 1000000000 1 1000000000 1 1000000000 1 1000000000 1 1000000000 1 1000000000 1 1000000000 1 1000000000 1 1000000000 1 1000000000 1 1000000000 1 1000000000 1 1000000000 1 1000000000 1 1000000000 1 1000000000 1 1000000000 1 1000000000 1 1000000000 1 1000000000 1 1000000000 1 1000000000 1 1000000000 1 1000000000 1 1000000000 1 1000000000 1 1000000000 1 1000000000 1 1000000000 1 1000000000 1 1000000000 1 1000000000 1 1000000000 1 1000000000 1 1000000000 1 1000000000 1 1000000000 1 1000000000 1 1000000000 1 1000000000 1 1000000000 1 1000000000 1 1000000000 1 1000000000 1 1000000000 1 1000000000 1 1000000000 1 1000000000 1 1000000000 1 1000000000 1 1000000000 1 1000000000 1 1000000000 1 1000000000 1 1000000000 1 1000000000 1 1000000000 1 1000000000 1 1000000000 1 1000000000 1 1000000000 1 1000000000 1 1000000000 1 1000000000 1 1000000000 1 1000000000 1 1000000000 1 1000000000 1 1000000000 1 1000000000 1 1000000000 1 1000000000 1 1000000000 1 1000000000 1 1000000000 1 1000000000 1 1000000000 1 1000000000 1 1000000000 1 1000000000 1 1000000000 1 1000000000 1 1000000000 1 1000000000 1 1000000000 1 1000000000 1 1000000000 1 1000000000 1 1000000000 1 1000000000 1 1000000000 1 1000000000 1 1000000000 1 1000000000 1 1000000000 1 1000000000 1 1000000000 1 1000000000 1 1000000000 1 1000000000 1 1000000000 1 1000000000 1 1000000000 1 1000000000 1 1000000000 1 1000000000 1 1000000000 1 1000000000 1 1000000000 1 1000000000 1 1000000000 1 1000000000 1 1000000000 1 1000000000 1 1000000000 1 1000000000 1 1000000000 1 1000000000 1 1000000000 1 1000000000 1 1000000000 1 1000000000 1 1000000000 1 1000000000 1 1000000000 1 1000000000 1 1000000000 1 1000000000 1 1000000000 1 1000000000 1 1000000000 1 1000000000 1 1000000000 1 1000000000 1 1000000000 1 1000000000 1 1000000000 1 1000000000 1 1000000000 1 1000000000 1 1000000000 1 1000000000 1 1000000000 1 1000000000 1 1000000000 1 1000000000 1 1000000000 1 1000000000 1 1000000000 1 1000000000 1 1000000000 1 1000000000 1 1000000000 1 1000000000 1 1000000000 1 1000000000 1 1000000000 1 1000000000 1 1000000000 1 1000000000 1 1000000000 1 1000000000 1 1000000000 1 1000000000 1 1000000000 1 1000000000 1 1000000000 1 1000000000 1 1000000000 1 1000000000 1 1000000000 1 1000000000 1 1000000000 1 1000000000 1 1000000000 1 1000000000 1 1000000000 1 1000000000 1 1000000000 1 1000000000 1 1000000000 1 1000000000 1 1000000000 1 1000000000 1 1000000000 1 1000000000 1 1000000000 1 1000000000 1 1000000000 1 1000000000 1 1000000000 1 1000000000 1 1000000000 1 1000000000 1 1000000000 1 1000000000 1 1000000000 1 1000000000 1 1000000000 1 1000000000 1 1000000000 1 1000000000 1 1000000000 1 1000000000 1 1000000000 1 1000000000 1 1000000000 1 1000000000 1 1000000000 1 1000000000 1 1000000000 1 1000000000 1 1000000000 1 1000000000 1 1000000000 1 1000000000 1 1000000000 1 1000000000 1 1000000000 1 1000000000 1 1000000000 1 1000000000 1 1000000000 1 1000000000 1 1000000000 1 1000000000 1 1000000000 1 1000000000 1 1000000000 1 1000000000 1 1000000000 1 1000000000 1 1000000000 1 1000000000 1 1000000000 1 1000000000 1 1000000000 1 1000000000 1 1000000000 1 1000000000 1 1000000000 1 1000000000 1 1000000000 1 1000000000 1 1000000000 1 1000000000 1 1000000000 1 1000000000 1 1000000000 1 1000000000 1 1000000000 1 1000000000 1 1000000000 1 1000000000 1 1000000000 1 1000000000 1 1000000000 1 1000000000 1 1000000000 1 1000000000 1 1000000000 1 1000000000 1 1000000000 1 1000000000 1 1000000000 1 1000000000 1 1000000000 1 1000000000 1 1000000000 1 1000000000 1 1000000000 1 1000000000 1 1000000000 1 1000000000 1 1000000000 1 1000000000 1 1000000000 1 1000000000 1 1000000000 1 1000000000 1 1000000000 1 1000000000 1 1000000000 1 1000000000 1 1000000000 1 1000000000 1 1000000000 1 1000000000 1 1000000000 1 1000000000 1 1000000000 1 1000000000 1 1000000000 1 1000000000 1 1000000000 1 1000000000 1 1000000000 1 1000000000 1 1000000000 1 1000000000 1 1000000000 1 1000000000 1 1000000000 1 1000000000 1 1000000000 1 1000000000 1 1000000000 1 1000000000 1 1000000000 1 1000000000 1 1000000000 1 1000000000 1 1000000000 1 1000000000 1 1000000000 1 1000000000 1 1000000000 1 1000000000 1 1000000000 1 1000000000 1 1000000000 1 1000000000 1 1000000000 1 1000000000 1 1000000000 1 1000000000 1 1000000000 1 1000000000 1 1000000000 1 1000000000 1 1000000000 1 1000000000 1 1000000000 1 1000000000 1 1000000000 1 1000000000 1 1000000000 1 1000000000 1 1000000000 1 1000000000 1 1000000000 1 1000000000 1 1000000000 1 1000000000 1 1000000000 1 1000000000 1 1000000000 1 1000000000 1 1000000000 1 1000000000 1 1000000000 1 1000000000 1 1000000000 1 1000000000 1 1000000000 1 1000000000 1 1000000000 1 1000000000 1 1000000000 1 1000000000 1 1000000000 1 1000000000 1 1000000000 1 1000000000 1 1000000000 1 1000000000 1 1000000000 1 1000000000 1 1000000000 1 1000000000 1 1000000000 1 1000000000 1 1000000000 1 1000000000 1 1000000000 1 1000000000 1 1000000000 1 1000000000 1 1000000000 1 1000000000 1 1000000000 1 1000000000 1 1000000000 1 1000000000 1 1000000000 1 1000000000 1 1000000000 1 1000000000 1 1000000000 1 1000000000 1 1000000000 1 1000000000 1 1000000000 1 1000000000 1 1000000000 1 1000000000 1 1000000000 1 1000000000 1 1000000000 1 1000000000 1 1000000000 1 1000000000 1 1000000000 1 1000000000 1 1000000000 1 1000000000 1 1000000000 1 1000000000 1 1000000000 1 1000000000 1 1000000000 1 1000000000 1 1000000000 1 1000000000 1 1000000000 1 1000000000 1 1000000000 1 1000000000 1 1000000000 1 1000000000 1 1000000000 1 1000000000 1 1000000000 1 1000000000 1 1000000000 1 1000000000 1 1000000000 1 1000000000 1 1000000000 1 1000000000 1 1000000000 1 1000000000 1 1000000000 1 1000000000 1 1000000000 1 1000000000 1 1000000000 1 1000000000 1 1000000000 1 1000000000 1 1000000000 1 1000000000 1 1000000000 1 1000000000 1 1000000000 1 1000000000 1 1000000000 1 1000000000 1 1000000000 1 1000000000 1 1000000000 1 1000000000 1 1000000000 1 1000000000 1 1000000000 1 1000000000 1 1000000000 1 1000000000 1 1000000000 1 1000000000 1 1000000000 1 1000000000 1 1000000000 1 1000000000 1 1000000000 1 1000000000 1 1000000000 1 1000000000 1 1000000000 1 1000000000 1 1000000000 1 1000000000 1 1000000000 1 1000000000 1 1000000000 1 1000000000 1 1000000000 1 1000000000 1 1000000000 1 1000000000 1 1000000000 1 1000000000 1 1000000000 1 1000000000 1 1000000000 1 1000000000 1 1000000000 1 1000000000 1 1000000000 1 1000000000 1 1000000000 1 1000000000 1 1000000000 1 1000000000 1 1000000000 1 1000000000 1 1000000000 1 1000000000 1 1000000000 1 1000000000 1 1000000000 1 1000000000 1 1000000000 1 1000000000 1 1000000000 1 1000000000 1 1000000000 1 1000000000 1 1000000000 1 1000000000 1 1000000000 1 1000000000 1 1000000000 1 1000000000 1 1000000000 1 1000000000 1 1000000000 1 1000000000 1 1000000000 1 1000000000 1 1000000000 1 1000000000 1 1000000000 1 1000000000 1 1000000000 1 1000000000 1 1000000000 1 1000000000 1 1000000000 1 1000000000 1 1000000000 1 1000000000 1 1000000000 1 1000000000 1 1000000000 1 1000000000 1 1000000000 1 1000000000 1 1000000000 1 1000000000 1 1000000000 1 1000000000 1 1000000000 1 1000000000 1 1000000000 1 1000000000 1 1000000000 1 1000000000 1 1000000000 1 1000000000 1 1000000000 1 1000000000 1 1000000000 1 1000000000 1 1000000000 1 1000000000 1 1000000000 1 1000000000 1 1000000000 1 1000000000 1 1000000000 1 1000000000 1 1000000000 1 1000000000 1 1000000000 1 1000000000 1 1000000000 1 1000000000 1 1000000000 1 1000000000 1 1000000000 1 1000000000 1 1000000000 1 1000000000 1 1000000000 1 1000000000 1 1000000000 1 1000000000 1 1000000000 1 1000000000 1 1000000000 1 1000000000 1 1000000000 1 1000000000 1 1000000000 1 1000000000 1 1000000000 1 1000000000 1 1000000000 1 1000000000 1 1000000000 1 1000000000 1 1000000000 1 1000000000 1 1000000000 1 1000000000 1 1000000000 1 1000000000 1 1000000000 1 1000000000 1 1000000000 1 1000000000 1 1000000000 1 1000000000 1 1000000000 1 1000000000 1 1000000000 1 1000000000 1 1000000000 1 1000000000 1 1000000000 1 1000000000 1 1000000000 1 1000000000 1 1000000000 1 1000000000 1 1000000000 1 1000000000 1 1000000000 1 1000000000 1 1000000000 1 1000000000 1 1000000000 1 1000000000 1 1000000000 1 1000000000 1 1000000000 1 1000000000 1 1000000000 1 1000000000 1 1000000000 1 1000000000 1 1000000000 1 1000000000 1 1000000000 1 1000000000 1 1000000000 1 1000000000 1 1000000000 1 1000000000 1 1000000000 1 1000000000 1 1000000000 1 1000000000 1 1000000000 1 1000000000 1 1000000000 1 1000000000 1 1000000000 1 1000000000 1 1000000000 1 1000000000 1 1000000000 1 1000000000 1 1000000000 1 1000000000 1 1000000000 1 1000000000 1 1000000000 1 1000000000 1 1000000000 1 1000000000 1 1000000000 1 1000000000 1 1000000000 1 1000000000 1 1000000000 1 1000000000 1 1000000000 1 1000000000 1 1000000000 1 1000000000 1 1000000000 1 1000000000 1 1000000000 1 1000000000 1 1000000000 1 1000000000 1 1000000000 1 1000000000 1 1000000000 1 1000000000 1 1000000000 1 1000000000 1 1000000000 1 1000000000 1 1000000000 1 1000000000 1 1000000000 1 1000000000 1 1000000000 1 1000000000 1 1000000000 1 1000000000 1 1000000000 1 1000000000 1 1000000000 1 1000000000 1 1000000000 1 1000000000 1 1000000000 1 1000000000 1 1000000000 1 1000000000 1 1000000000 1 1000000000 1 1000000000 1 1000000000 1 1000000000 
```
Your Output:
```
199999000100000

```
Expected Output:
```
199999000099999

```
Error Analysis: Line 1: Got '199999000100000', Expected '199999000099999'

### Your Task
Fix the C++ code to pass ALL test cases (including hidden ones).

### Critical Guidelines
1. Focus on algorithmic correctness - NO hard-coded values or special cases
2. Ensure proper data structures and complexity (aim for O(N log N) or better when possible)
3. Handle edge cases (empty input, single elements, max constraints)
4. Use standard C++20 features; avoid non-portable code

### Output Format
Provide ONLY the complete fixed C++ code in a single ```cpp block.
