### Problem Description
Score : 300 points

### Problem Statement

You have an empty bag.
You are given Q queries, which must be processed in order.

There are three types of queries.

* `1 x` : Put one ball with the integer x written on it into the bag.
* `2 x` : Remove one ball with the integer x written on it from the bag and discard it. It is guaranteed that the bag has a ball with the integer x written on it when this query is given.
* `3` : Print the number of different integers written on the balls in the bag.

### Constraints

* 1 \leq Q \leq 2 \times 10^{5}
* 1 \leq x \leq 10^{6}
* When a query of the second type is given, the bag has a ball with the integer x written on it.
* There is at least one query of the third type.
* All input values are integers.

---

### Input

The input is given from Standard Input in the following format:

```
Q
\text{query}_1
\text{query}_2
\vdots
\text{query}_Q

```

The i-th query \text{query}\_i is given in one of the following three formats:

```
1 x

```

```
2 x

```

```
3

```

### Output

If there are K queries of the third type, print K lines.
The i-th line (1 \leq i \leq K) should contain the answer to the i-th query of the third type.

---

### Your Incorrect Code
```cpp
#include<iostream>
#include<vector>
#include<string>
#include<set>
#include<algorithm>
#include<map>
#include<cmath>
#include<math.h>
#include<queue>
#include <iomanip> //setprecisionを使うため
using namespace std;
using ll = long long;
using ull = unsigned long long;

int main(){
    map<int,int> m;
    int q;
    cin >> q;

    int ans=0;
    for(int i=0;i<q;i++){
        int n,x;
        cin >> n;

        if(n==1){
            cin >> x;
            if(!m.count(x)) { //まだそのボールが1個もなかった時
                m[x] = 1;
                ans++;
            }else m[x]++;
        }else if(n==2){
            cin >> x;
            m[x]--;
            if(m[x] == 0) ans--;
        }else{
            cout << ans << endl;
        }
    }
    // cout << m.size() << endl;
    return 0;
}

```

### Failing Case #1
Input:
```
200000
1 318206
3
1 520384
3
1 821557
3
1 260579
3
1 278737
3
1 250467
3
1 935401
3
1 942712
3
1 71889
3
1 203669
3
2 71889
3
2 942712
3
2 250467
3
2 935401
3
2 821557
3
1 175281
3
1 349296
3
1 282660
3
1 981215
3
1 360722
3
2 318206
3
2 203669
3
2 278737
3
2 360722
3
2 981215
3
1 596431
3
1 77067
3
1 369341
3
1 70969
3
1 977580
3
2 977580
3
2 369341
3
2 260579
3
2 349296
3
2 282660
3
1 849688
3
1 548453
3
1 938771
3
1 857067
3
1 245435
3
2 77067
3
2 70969
3
2 938771
3
2 548453
3
2 849688
3
1 785568
3
1 887851
3
1 849301
3
1 483077
3
1 886062
3
2 175281
3
2 483077
3
2 887851
3
2 886062
3
2 857067
3
1 387578
3
1 123105
3
1 174059
3
1 76775
3
1 875001
3
2 785568
3
2 596431
3
2 520384
3
2 123105
3
2 174059
3
1 857385
3
1 776932
3
1 972616
3
1 480490
3
1 178294
3
2 849301
3
2 76775
3
2 857385
3
2 776932
3
2 387578
3
1 17738
3
1 269776
3
1 552199
3
1 522440
3
1 325346
3
2 875001
3
2 245435
3
2 480490
3
2 972616
3
2 17738
3
1 611120
3
1 489009
3
1 455422
3
1 990878
3
1 328422
3
2 269776
3
2 328422
3
2 990878
3
2 611120
3
2 178294
3
1 179911
3
1 257271
3
1 326983
3
1 627181
3
1 353479
3
2 179911
3
2 627181
3
2 552199
3
2 522440
3
2 325346
3
1 133014
3
1 934140
3
1 626190
3
1 315707
3
1 304567
3
2 626190
3
2 133014
3
2 934140
3
2 326983
3
2 315707
3
1 511545
3
1 617414
3
1 492907
3
1 799428
3
1 421015
3
2 455422
3
2 421015
3
2 304567
3
2 799428
3
2 353479
3
1 842922
3
1 433953
3
1 659341
3
1 638061
3
1 586078
3
2 617414
3
2 489009
3
2 433953
3
2 511545
3
2 492907
3
1 423305
3
1 199663
3
1 4310
3
1 978039
3
1 535790
3
2 199663
3
2 659341
3
2 586078
3
2 535790
3
2 842922
3
1 798918
3
1 514305
3
1 319145
3
1 466616
3
1 724367
3
2 798918
3
2 257271
3
2 514305
3
2 638061
3
2 724367
3
1 921440
3
1 424479
3
1 510895
3
1 402203
3
1 557646
3
2 921440
3
2 557646
3
2 510895
3
2 423305
3
2 402203
3
1 480583
3
1 369720
3
1 741563
3
1 740722
3
1 53060
3
2 424479
3
2 480583
3
2 4310
3
2 319145
3
2 740722
3
1 183171
3
1 786992
3
1 537160
3
1 893657
3
1 874938
3
2 53060
3
2 369720
3
2 786992
3
2 741563
3
2 978039
3
1 638967
3
1 912529
3
1 585110
3
1 190354
3
1 418258
3
2 638967
3
2 874938
3
2 585110
3
2 537160
3
2 418258
3
1 14251
3
1 70893
3
1 48472
3
1 432901
3
1 218861
3
2 218861
3
2 14251
3
2 912529
3
2 432901
3
2 183171
3
1 548743
3
1 238602
3
1 370934
3
1 401878
3
1 222130
3
2 222130
3
2 238602
3
2 548743
3
2 48472
3
2 893657
3
1 211858
3
1 942586
3
1 228526
3
1 908386
3
1 306778
3
2 211858
3
2 908386
3
2 70893
3
2 306778
3
2 466616
3
1 389039
3
1 289298
3
1 869803
3
1 797177
3
1 214088
3
2 942586
3
2 214088
3
2 401878
3
2 370934
3
2 869803
3
1 106654
3
1 383174
3
1 340133
3
1 188930
3
1 825854
3
2 825854
3
2 383174
3
2 228526
3
2 340133
3
2 188930
3
1 969992
3
1 866299
3
1 873024
3
1 974888
3
1 115019
3
2 866299
3
2 797177
3
2 974888
3
2 115019
3
2 106654
3
1 291196
3
1 249355
3
1 115907
3
1 36550
3
1 920301
3
2 115907
3
2 291196
3
2 969992
3
2 920301
3
2 873024
3
1 490555
3
1 374485
3
1 442715
3
1 879160
3
1 104548
3
2 190354
3
2 374485
3
2 442715
3
2 490555
3
2 289298
3
1 236868
3
1 393806
3
1 497795
3
1 279015
3
1 759451
3
2 497795
3
2 759451
3
2 389039
3
2 879160
3
2 236868
3
1 440994
3
1 8636
3
1 860618
3
1 857877
3
1 856979
3
2 440994
3
2 104548
3
2 36550
3
2 8636
3
2 856979
3
1 60795
3
1 554771
3
1 347006
3
1 994765
3
1 211281
3
2 393806
3
2 347006
3
2 249355
3
2 60795
3
2 860618
3
1 558120
3
1 989229
3
1 221678
3
1 132114
3
1 130434
3
2 989229
3
2 558120
3
2 211281
3
2 994765
3
2 554771
3
1 284761
3
1 234056
3
1 299699
3
1 605543
3
1 643476
3
2 279015
3
2 857877
3
2 234056
3
2 132114
3
2 221678
3
1 61320
3
1 343240
3
1 352592
3
1 987884
3
1 34381
3
2 34381
3
2 299699
3
2 343240
3
2 284761
3
2 130434
3
1 987211
3
1 968921
3
1 777944
3
1 53691
3
1 631016
3
2 777944
3
2 53691
3
2 352592
3
2 61320
3
2 605543
3
1 445569
3
1 510987
3
1 694267
3
1 56349
3
1 531621
3
2 531621
3
2 987884
3
2 510987
3
2 968921
3
2 445569
3
1 76473
3
1 326238
3
1 477434
3
1 163109
3
1 95845
3
2 643476
3
2 987211
3
2 163109
3
2 631016
3
2 95845
3
1 232475
3
1 480992
3
1 273845
3
1 437585
3
1 382234
3
2 382234
3
2 56349
3
2 232475
3
2 76473
3
2 437585
3
1 66354
3
1 256684
3
1 574171
3
1 153666
3
1 489707
3
2 326238
3
2 694267
3
2 477434
3
2 153666
3
2 574171
3
1 228425
3
1 998109
3
1 767721
3
1 401373
3
1 492272
3
2 489707
3
2 998109
3
2 480992
3
2 273845
3
2 767721
3
1 40458
3
1 547374
3
1 913418
3
1 633977
3
1 633686
3
2 40458
3
2 633977
3
2 256684
3
2 401373
3
2 913418
3
1 304399
3
1 188485
3
1 668256
3
1 849665
3
1 760527
3
2 304399
3
2 228425
3
2 547374
3
2 188485
3
2 760527
3
1 9936
3
1 93710
3
1 946284
3
1 625637
3
1 821491
3
2 668256
3
2 9936
3
2 633686
3
2 66354
3
2 93710
3
1 931450
3
1 610087
3
1 427045
3
1 723811
3
1 249764
3
2 610087
3
2 723811
3
2 946284
3
2 249764
3
2 931450
3
1 89447
3
1 288408
3
1 584751
3
1 868673
3
1 239794
3
2 625637
3
2 492272
3
2 239794
3
2 89447
3
2 427045
3
1 756995
3
1 743093
3
1 818072
3
1 496583
3
1 968214
3
2 821491
3
2 968214
3
2 756995
3
2 868673
3
2 496583
3
1 820455
3
1 886045
3
1 544346
3
1 586158
3
1 354630
3
2 820455
3
2 544346
3
2 818072
3
2 354630
3
2 288408
3
1 554238
3
1 270945
3
1 733413
3
1 307302
3
1 406747
3
2 743093
3
2 586158
3
2 406747
3
2 849665
3
2 733413
3
1 62478
3
1 867909
3
1 259132
3
1 186667
3
1 608109
3
2 62478
3
2 259132
3
2 307302
3
2 554238
3
2 886045
3
1 376412
3
1 203944
3
1 602525
3
1 366524
3
1 762249
3
2 584751
3
2 203944
3
2 602525
3
2 376412
3
2 366524
3
1 856812
3
1 245700
3
1 892583
3
1 541138
3
1 315807
3
2 315807
3
2 245700
3
2 867909
3
2 541138
3
2 856812
3
1 558124
3
1 571794
3
1 909853
3
1 661857
3
1 371587
3
2 186667
3
2 571794
3
2 909853
3
2 270945
3
2 661857
3
1 554444
3
1 975930
3
1 228215
3
1 358335
3
1 709583
3
2 608109
3
2 554444
3
2 762249
3
2 892583
3
2 709583
3
1 101538
3
1 477260
3
1 202760
3
1 567621
3
1 218251
3
2 558124
3
2 477260
3
2 358335
3
2 101538
3
2 975930
3
1 379342
3
1 934306
3
1 386966
3
1 624482
3
1 132352
3
2 371587
3
2 228215
3
2 379342
3
2 218251
3
2 202760
3
1 827846
3
1 256364
3
1 778560
3
1 901550
3
1 337757
3
2 778560
3
2 901550
3
2 934306
3
2 386966
3
2 827846
3
1 735911
3
1 516317
3
1 964738
3
1 657329
3
1 478629
3
2 337757
3
2 964738
3
2 567621
3
2 735911
3
2 256364
3
1 663646
3
1 69310
3
1 851429
3
1 760392
3
1 662056
3
2 478629
3
2 624482
3
2 851429
3
2 657329
3
2 663646
3
1 602758
3
1 802041
3
1 390518
3
1 299957
3
1 806076
3
2 390518
3
2 802041
3
2 299957
3
2 516317
3
2 69310
3
1 595761
3
1 130345
3
1 154299
3
1 942626
3
1 513719
3
2 513719
3
2 602758
3
2 595761
3
2 154299
3
2 662056
3
1 394125
3
1 268294
3
1 818379
3
1 112487
3
1 890538
3
2 890538
3
2 130345
3
2 806076
3
2 394125
3
2 268294
3
1 853426
3
1 555211
3
1 712974
3
1 629040
3
1 540591
3
2 112487
3
2 629040
3
2 760392
3
2 818379
3
2 540591
3
1 959776
3
1 277657
3
1 910382
3
1 369556
3
1 730944
3
2 712974
3
2 853426
3
2 555211
3
2 959776
3
2 132352
3
1 899061
3
1 689893
3
1 397613
3
1 671530
3
1 974056
3
2 689893
3
2 397613
3
2 974056
3
2 730944
3
2 369556
3
1 749947
3
1 821577
3
1 837622
3
1 3399
3
1 253617
3
2 671530
3
2 942626
3
2 821577
3
2 837622
3
2 253617
3
1 76794
3
1 296551
3
1 30154
3
1 54947
3
1 135053
3
2 296551
3
2 910382
3
2 277657
3
2 899061
3
2 135053
3
1 23816
3
1 126030
3
1 963272
3
1 130407
3
1 64162
3
2 30154
3
2 54947
3
2 126030
3
2 130407
3
2 64162
3
1 193015
3
1 712124
3
1 166826
3
1 21030
3
1 195979
3
2 749947
3
2 21030
3
2 3399
3
2 963272
3
2 76794
3
1 962288
3
1 502083
3
1 388552
3
1 47045
3
1 500502
3
2 195979
3
2 23816
3
2 193015
3
2 166826
3
2 47045
3
1 784803
3
1 837548
3
1 208935
3
1 568704
3
1 570797
3
2 570797
3
2 568704
3
2 502083
3
2 388552
3
2 837548
3
1 407704
3
1 678151
3
1 731778
3
1 586782
3
1 287597
3
2 208935
3
2 586782
3
2 962288
3
2 731778
3
2 500502
3
1 741556
3
1 212838
3
1 221489
3
1 464835
3
1 277183
3
2 741556
3
2 407704
3
2 678151
3
2 221489
3
2 277183
3
1 387346
3
1 496100
3
1 345303
3
1 561452
3
1 738022
3
2 345303
3
2 464835
3
2 738022
3
2 212838
3
2 496100
3
1 437066
3
1 841685
3
1 889749
3
1 4445
3
1 706510
3
2 706510
3
2 287597
3
2 889749
3
2 784803
3
2 841685
3
1 503649
3
1 500296
3
1 845203
3
1 712865
3
1 186986
3
2 845203
3
2 712124
3
2 437066
3
2 4445
3
2 561452
3
1 980607
3
1 766289
3
1 567147
3
1 245534
3
1 772829
3
2 503649
3
2 772829
3
2 980607
3
2 712865
3
2 186986
3
1 789217
3
1 929660
3
1 754353
3
1 71914
3
1 553035
3
2 929660
3
2 766289
3
2 500296
3
2 245534
3
2 567147
3
1 747352
3
1 164989
3
1 955075
3
1 490497
3
1 528612
3
2 528612
3
2 553035
3
2 387346
3
2 71914
3
2 490497
3
1 546808
3
1 950738
3
1 135611
3
1 931964
3
1 135923
3
2 955075
3
2 164989
3
2 950738
3
2 754353
3
2 747352
3
1 250622
3
1 597630
3
1 240486
3
1 284438
3
1 538937
3
2 250622
3
2 546808
3
2 538937
3
2 240486
3
2 597630
3
1 769755
3
1 490952
3
1 395850
3
1 747873
3
1 361469
3
2 931964
3
2 284438
3
2 769755
3
2 135611
3
2 490952
3
1 642075
3
1 414035
3
1 998398
3
1 737566
3
1 519346
3
2 135923
3
2 642075
3
2 998398
3
2 414035
3
2 395850
3
1 806403
3
1 6545
3
1 142798
3
1 327365
3
1 553140
3
2 789217
3
2 6545
3
2 327365
3
2 737566
3
2 553140
3
1 773793
3
1 782944
3
1 406609
3
1 985970
3
1 818845
3
2 361469
3
2 747873
3
2 406609
3
2 773793
3
2 519346
3
1 485743
3
1 544958
3
1 448041
3
1 804779
3
1 722277
3
2 448041
3
2 722277
3
2 818845
3
2 804779
3
2 485743
3
1 781030
3
1 17567
3
1 97224
3
1 705554
3
1 485479
3
2 17567
3
2 705554
3
2 781030
3
2 985970
3
2 806403
3
1 130628
3
1 179270
3
1 495810
3
1 610639
3
1 830211
3
2 142798
3
2 782944
3
2 830211
3
2 495810
3
2 544958
3
1 392611
3
1 94769
3
1 700665
3
1 558068
3
1 745027
3
2 745027
3
2 558068
3
2 179270
3
2 485479
3
2 97224
3
1 148262
3
1 678295
3
1 323989
3
1 689197
3
1 629779
3
2 700665
3
2 392611
3
2 610639
3
2 629779
3
2 130628
3
1 817964
3
1 157882
3
1 401335
3
1 886495
3
1 765239
3
2 689197
3
2 886495
3
2 817964
3
2 678295
3
2 765239
3
1 196069
3
1 623670
3
1 129526
3
1 44244
3
1 739937
3
2 157882
3
2 196069
3
2 401335
3
2 148262
3
2 129526
3
1 549828
3
1 6614
3
1 183877
3
1 446140
3
1 891155
3
2 6614
3
2 891155
3
2 323989
3
2 623670
3
2 739937
3
1 392462
3
1 559965
3
1 378556
3
1 652063
3
1 726051
3
2 44244
3
2 94769
3
2 378556
3
2 726051
3
2 392462
3
1 61722
3
1 488393
3
1 609679
3
1 716328
3
1 912380
3
2 549828
3
2 912380
3
2 446140
3
2 61722
3
2 559965
3
1 832836
3
1 367058
3
1 901573
3
1 628383
3
1 349393
3
2 488393
3
2 183877
3
2 609679
3
2 901573
3
2 367058
3
1 768903
3
1 819573
3
1 995054
3
1 4705
3
1 478109
3
2 832836
3
2 478109
3
2 995054
3
2 716328
3
2 819573
3
1 556136
3
1 621941
3
1 407524
3
1 358042
3
1 191787
3
2 407524
3
2 621941
3
2 628383
3
2 556136
3
2 349393
3
1 915636
3
1 245563
3
1 93152
3
1 861806
3
1 603086
3
2 93152
3
2 4705
3
2 603086
3
2 245563
3
2 358042
3
1 322496
3
1 703848
3
1 862220
3
1 10296
3
1 531545
3
2 915636
3
2 861806
3
2 652063
3
2 862220
3
2 322496
3
1 874281
3
1 654421
3
1 44801
3
1 596044
3
1 444952
3
2 44801
3
2 531545
3
2 654421
3
2 703848
3
2 444952
3
1 28245
3
1 784301
3
1 810581
3
1 956195
3
1 335912
3
2 28245
3
2 810581
3
2 768903
3
2 335912
3
2 874281
3
1 9585
3
1 662597
3
1 89187
3
1 386122
3
1 469727
3
2 89187
3
2 956195
3
2 784301
3
2 386122
3
2 191787
3
1 698884
3
1 17226
3
1 912568
3
1 384083
3
1 708118
3
2 384083
3
2 662597
3
2 596044
3
2 469727
3
2 912568
3
1 679010
3
1 926070
3
1 686425
3
1 757335
3
1 929754
3
2 757335
3
2 17226
3
2 708118
3
2 9585
3
2 929754
3
1 251772
3
1 581193
3
1 132806
3
1 472631
3
1 962728
3
2 962728
3
2 686425
3
2 581193
3
2 251772
3
2 926070
3
1 11674
3
1 203803
3
1 47314
3
1 507436
3
1 395547
3
2 472631
3
2 679010
3
2 698884
3
2 47314
3
2 10296
3
1 431059
3
1 930045
3
1 709459
3
1 833274
3
1 528324
3
2 833274
3
2 132806
3
2 203803
3
2 528324
3
2 709459
3
1 867103
3
1 204080
3
1 971223
3
1 455332
3
1 233305
3
2 930045
3
2 455332
3
2 233305
3
2 395547
3
2 431059
3
1 681087
3
1 338635
3
1 14663
3
1 398935
3
1 871739
3
2 11674
3
2 507436
3
2 14663
3
2 867103
3
2 338635
3
1 428384
3
1 494512
3
1 777479
3
1 434068
3
1 15743
3
2 494512
3
2 871739
3
2 398935
3
2 434068
3
2 971223
3
1 636565
3
1 804453
3
1 242000
3
1 358009
3
1 637133
3
2 777479
3
2 637133
3
2 804453
3
2 428384
3
2 15743
3
1 512895
3
1 345617
3
1 469413
3
1 158081
3
1 954146
3
2 681087
3
2 512895
3
2 469413
3
2 204080
3
2 345617
3
1 475295
3
1 825729
3
1 952239
3
1 373334
3
1 62230
3
2 954146
3
2 952239
3
2 62230
3
2 825729
3
2 158081
3
1 224636
3
1 618096
3
1 6743
3
1 936848
3
1 33592
3
2 936848
3
2 618096
3
2 33592
3
2 475295
3
2 242000
3
1 957921
3
1 824879
3
1 93717
3
1 391050
3
1 934482
3
2 824879
3
2 224636
3
2 636565
3
2 358009
3
2 373334
3
1 947213
3
1 593650
3
1 891882
3
1 437628
3
1 189913
3
2 6743
3
2 93717
3
2 437628
3
2 947213
3
2 957921
3
1 549292
3
1 473619
3
1 461703
3
1 269152
3
1 515784
3
2 934482
3
2 515784
3
2 391050
3
2 461703
3
2 473619
3
1 510412
3
1 776060
3
1 246767
3
1 251958
3
1 716222
3
2 246767
3
2 269152
3
2 716222
3
2 891882
3
2 251958
3
1 387916
3
1 925694
3
1 52744
3
1 731330
3
1 199480
3
2 549292
3
2 925694
3
2 593650
3
2 387916
3
2 510412
3
1 662335
3
1 891866
3
1 640590
3
1 471554
3
1 395506
3
2 471554
3
2 52744
3
2 640590
3
2 199480
3
2 189913
3
1 761649
3
1 85581
3
1 935222
3
1 401165
3
1 444000
3
2 395506
3
2 444000
3
2 662335
3
2 731330
3
2 401165
3
1 888299
3
1 836135
3
1 918190
3
1 683171
3
1 649905
3
2 935222
3
2 649905
3
2 85581
3
2 888299
3
2 776060
3
1 998384
3
1 118810
3
1 368348
3
1 421244
3
1 729909
3
2 836135
3
2 368348
3
2 761649
3
2 918190
3
2 421244
3
1 555374
3
1 379286
3
1 358834
3
1 302333
3
1 427694
3
2 302333
3
2 555374
3
2 729909
3
2 118810
3
2 379286
3
1 734943
3
1 409706
3
1 787118
3
1 680230
3
1 15006
3
2 998384
3
2 734943
3
2 409706
3
2 680230
3
2 891866
3
1 571536
3
1 875120
3
1 226947
3
1 989749
3
1 40435
3
2 40435
3
2 427694
3
2 683171
3
2 875120
3
2 989749
3
1 725312
3
1 495573
3
1 501534
3
1 784900
3
1 508507
3
2 508507
3
2 15006
3
2 725312
3
2 495573
3
2 571536
3
1 634709
3
1 548504
3
1 780585
3
1 138094
3
1 328473
3
2 784900
3
2 226947
3
2 138094
3
2 328473
3
2 780585
3
1 67513
3
1 596449
3
1 319574
3
1 865335
3
1 67417
3
2 319574
3
2 548504
3
2 596449
3
2 358834
3
2 67513
3
1 375851
3
1 910783
3
1 5385
3
1 524740
3
1 643143
3
2 634709
3
2 5385
3
2 501534
3
2 524740
3
2 865335
3
1 783306
3
1 635072
3
1 697403
3
1 875399
3
1 738532
3
2 67417
3
2 875399
3
2 635072
3
2 643143
3
2 910783
3
1 874318
3
1 593230
3
1 61114
3
1 125640
3
1 978114
3
2 125640
3
2 697403
3
2 978114
3
2 783306
3
2 787118
3
1 697663
3
1 784180
3
1 705017
3
1 18902
3
1 159345
3
2 705017
3
2 697663
3
2 61114
3
2 159345
3
2 784180
3
1 50748
3
1 57252
3
1 124066
3
1 29671
3
1 847721
3
2 738532
3
2 847721
3
2 874318
3
2 50748
3
2 18902
3
1 914701
3
1 683469
3
1 6356
3
1 914553
3
1 5438
3
2 683469
3
2 914701
3
2 5438
3
2 124066
3
2 375851
3
1 49418
3
1 315205
3
1 418841
3
1 726990
3
1 552506
3
2 315205
3
2 914553
3
2 57252
3
2 29671
3
2 726990
3
1 599647
3
1 313206
3
1 990191
3
1 749362
3
1 974198
3
2 49418
3
2 593230
3
2 552506
3
2 313206
3
2 418841
3
1 441782
3
1 480781
3
1 926161
3
1 22244
3
1 779887
3
2 990191
3
2 599647
3
2 779887
3
2 749362
3
2 974198
3
1 951358
3
1 553926
3
1 586949
3
1 868870
3
1 730648
3
2 926161
3
2 951358
3
2 730648
3
2 868870
3
2 480781
3
1 27600
3
1 856447
3
1 929763
3
1 369646
3
1 338385
3
2 27600
3
2 22244
3
2 856447
3
2 6356
3
2 369646
3
1 768601
3
1 213468
3
1 665419
3
1 364383
3
1 112408
3
2 441782
3
2 929763
3
2 364383
3
2 665419
3
2 213468
3
1 563795
3
1 339527
3
1 6619
3
1 449528
3
1 961439
3
2 112408
3
2 6619
3
2 586949
3
2 563795
3
2 449528
3
1 355926
3
1 168238
3
1 708338
3
1 698237
3
1 925934
3
2 553926
3
2 925934
3
2 339527
3
2 768601
3
2 338385
3
1 984505
3
1 322641
3
1 743833
3
1 766622
3
1 77455
3
2 766622
3
2 355926
3
2 322641
3
2 984505
3
2 77455
3
1 192305
3
1 942216
3
1 164932
3
1 629665
3
1 230800
3
2 164932
3
2 629665
3
2 192305
3
2 942216
3
2 961439
3
1 150072
3
1 350328
3
1 866015
3
1 252106
3
1 424530
3
2 350328
3
2 743833
3
2 150072
3
2 230800
3
2 168238
3
1 815454
3
1 397814
3
1 477458
3
1 851129
3
1 742225
3
2 477458
3
2 252106
3
2 397814
3
2 742225
3
2 815454
3
1 779498
3
1 909120
3
1 51488
3
1 949303
3
1 458479
3
2 779498
3
2 458479
3
2 949303
3
2 698237
3
2 51488
3
1 967387
3
1 959441
3
1 77351
3
1 460087
3
1 205006
3
2 851129
3
2 959441
3
2 460087
3
2 909120
3
2 708338
3
1 828043
3
1 344603
3
1 951923
3
1 393001
3
1 699144
3
2 828043
3
2 393001
3
2 344603
3
2 77351
3
2 424530
3
1 141501
3
1 596259
3
1 538816
3
1 453074
3
1 191930
3
2 141501
3
2 538816
3
2 699144
3
2 951923
3
2 453074
3
1 9682
3
1 301534
3
1 996983
3
1 952017
3
1 30882
3
2 191930
3
2 866015
3
2 996983
3
2 205006
3
2 967387
3
1 460513
3
1 551703
3
1 813501
3
1 819690
3
1 465509
3
2 465509
3
2 301534
3
2 551703
3
2 9682
3
2 813501
3
1 913042
3
1 974908
3
1 374658
3
1 379214
3
1 465804
3
2 374658
3
2 952017
3
2 465804
3
2 819690
3
2 974908
3
1 3200
3
1 693053
3
1 241472
3
1 756675
3
1 902608
3
2 756675
3
2 241472
3
2 596259
3
2 902608
3
2 460513
3
1 108069
3
1 70945
3
1 392313
3
1 860446
3
1 152193
3
2 913042
3
2 392313
3
2 693053
3
2 108069
3
2 860446
3
1 659288
3
1 442885
3
1 144761
3
1 345813
3
1 921267
3
2 379214
3
2 144761
3
2 3200
3
2 152193
3
2 921267
3
1 472846
3
1 849142
3
1 380388
3
1 19150
3
1 384331
3
2 380388
3
2 19150
3
2 70945
3
2 442885
3
2 30882
3
1 531883
3
1 411130
3
1 701775
3
1 384605
3
1 966071
3
2 531883
3
2 384331
3
2 701775
3
2 659288
3
2 411130
3
1 754265
3
1 128259
3
1 823829
3
1 821897
3
1 245587
3
2 128259
3
2 754265
3
2 345813
3
2 966071
3
2 384605
3
1 469956
3
1 185703
3
1 464164
3
1 523319
3
1 208597
3
2 464164
3
2 523319
3
2 245587
3
2 208597
3
2 185703
3
1 55257
3
1 233514
3
1 712062
3
1 499295
3
1 471280
3
2 823829
3
2 472846
3
2 469956
3
2 499295
3
2 471280
3
1 768319
3
1 421100
3
1 362094
3
1 799276
3
1 385692
3
2 421100
3
2 768319
3
2 821897
3
2 55257
3
2 233514
3
1 906208
3
1 969312
3
1 942219
3
1 377425
3
1 880002
3
2 377425
3
2 942219
3
2 362094
3
2 969312
3
2 385692
3
1 45320
3
1 599023
3
1 121996
3
1 852150
3
1 274763
3
2 274763
3
2 849142
3
2 599023
3
2 799276
3
2 906208
3
1 509245
3
1 385729
3
1 323547
3
1 483790
3
1 510082
3
2 323547
3
2 385729
3
2 509245
3
2 712062
3
2 121996
3
1 968524
3
1 363945
3
1 790767
3
1 788520
3
1 832510
3
2 483790
3
2 510082
3
2 852150
3
2 788520
3
2 45320
3
1 856677
3
1 928076
3
1 12137
3
1 937442
3
1 37015
3
2 12137
3
2 363945
3
2 856677
3
2 937442
3
2 790767
3
1 374227
3
1 514434
3
1 767658
3
1 879030
3
1 340455
3
2 767658
3
2 37015
3
2 340455
3
2 832510
3
2 374227
3
1 570454
3
1 215396
3
1 241225
3
1 626111
3
1 351169
3
2 880002
3
2 968524
3
2 215396
3
2 514434
3
2 241225
3
1 185081
3
1 253881
3
1 715648
3
1 77663
3
1 806911
3
2 626111
3
2 570454
3
2 715648
3
2 185081
3
2 806911
3
1 503883
3
1 438131
3
1 150917
3
1 430771
3
1 902525
3
2 438131
3
2 150917
3
2 253881
3
2 902525
3
2 503883
3
1 171975
3
1 847176
3
1 198867
3
1 71259
3
1 819963
3
2 71259
3
2 928076
3
2 198867
3
2 879030
3
2 351169
3
1 580778
3
1 374906
3
1 709943
3
1 896933
3
1 871549
3
2 896933
3
2 709943
3
2 819963
3
2 847176
3
2 171975
3
1 437522
3
1 371333
3
1 41080
3
1 618400
3
1 780459
3
2 580778
3
2 77663
3
2 437522
3
2 871549
3
2 618400
3
1 279652
3
1 255606
3
1 184572
3
1 673830
3
1 416182
3
2 673830
3
2 279652
3
2 780459
3
2 184572
3
2 430771
3
1 220843
3
1 497971
3
1 167266
3
1 246299
3
1 277827
3
2 497971
3
2 416182
3
2 41080
3
2 167266
3
2 220843
3
1 329158
3
1 429283
3
1 524430
3
1 751619
3
1 214648
3
2 329158
3
2 255606
3
2 214648
3
2 371333
3
2 524430
3
1 476561
3
1 480318
3
1 490720
3
1 466666
3
1 910408
3
2 374906
3
2 751619
3
2 476561
3
2 277827
3
2 910408
3
1 58606
3
1 731651
3
1 249515
3
1 787548
3
1 630167
3
2 630167
3
2 480318
3
2 429283
3
2 249515
3
2 787548
3
1 79828
3
1 978768
3
1 40995
3
1 629831
3
1 437457
3
2 629831
3
2 731651
3
2 79828
3
2 437457
3
2 58606
3
1 889243
3
1 305268
3
1 208014
3
1 825187
3
1 337918
3
2 305268
3
2 466666
3
2 40995
3
2 337918
3
2 889243
3
1 980783
3
1 827019
3
1 463555
3
1 14102
3
1 185119
3
2 980783
3
2 246299
3
2 827019
3
2 978768
3
2 208014
3
1 235348
3
1 659829
3
1 824876
3
1 581080
3
1 506378
3
2 824876
3
2 506378
3
2 463555
3
2 235348
3
2 490720
3
1 795983
3
1 70028
3
1 631746
3
1 486299
3
1 556536
3
2 631746
3
2 185119
3
2 825187
3
2 795983
3
2 556536
3
1 915161
3
1 143603
3
1 17964
3
1 470678
3
1 901443
3
2 915161
3
2 17964
3
2 581080
3
2 143603
3
2 486299
3
1 80621
3
1 560695
3
1 74809
3
1 823939
3
1 469961
3
2 823939
3
2 70028
3
2 74809
3
2 659829
3
2 470678
3
1 221410
3
1 282349
3
1 859540
3
1 689046
3
1 746820
3
2 560695
3
2 469961
3
2 746820
3
2 282349
3
2 859540
3
1 508881
3
1 493000
3
1 740917
3
1 712644
3
1 73659
3
2 508881
3
2 73659
3
2 8
```
Your Output:
```
1
2
3
4
5
6
7
8
9
10
9
8
7
6
5
6
7
8
9
10
9
8
7
6
5
6
7
8
9
10
9
8
7
6
5
6
7
8
9
10
9
8
7
6
5
6
7
8
9
10
9
8
7
6
5
6
7
8
9
10
9
8
7
6
5
6
7
8
9
10
9
8
7
6
5
6
7
8
9
10
9
8
7
6
5
6
7
8
9
10
9
8
7
6
5
6
7
8
9
10
9
8
7
6
5
6
7
8
9
10
9
8
7
6
5
6
7
8
9
10
9
8
7
6
5
6
7
8
9
10
9
8
7
6
5
6
7
8
9
10
9
8
7
6
5
6
7
8
9
10
9
8
7
6
5
6
7
8
9
10
9
8
7
6
5
6
7
8
9
10
9
8
7
6
5
6
7
8
9
10
9
8
7
6
5
6
7
8
9
10
9
8
7
6
5
6
7
8
9
10
9
8
7
6
5
6
7
8
9
10
9
8
7
6
5
6
7
8
9
10
9
8
7
6
5
6
7
8
9
10
9
8
7
6
5
6
7
8
9
10
9
8
7
6
5
6
7
8
9
10
9
8
7
6
5
6
7
8
9
10
9
8
7
6
5
6
7
8
9
10
9
8
7
6
5
6
7
8
9
10
9
8
7
6
5
6
7
8
9
10
9
8
7
6
5
6
7
8
9
10
9
8
7
6
5
6
7
8
9
10
9
8
7
6
5
6
7
8
9
10
9
8
7
6
5
6
7
8
9
10
9
8
7
6
5
6
7
8
9
10
9
8
7
6
5
6
7
8
9
10
9
8
7
6
5
6
7
8
9
10
9
8
7
6
5
6
7
8
9
10
9
8
7
6
5
6
7
8
9
10
9
8
7
6
5
6
7
8
9
10
9
8
7
6
5
6
7
8
9
10
9
8
7
6
5
6
7
8
9
10
9
8
7
6
5
6
7
8
9
10
9
8
7
6
5
6
7
8
9
10
9
8
7
6
5
6
7
8
9
10
9
8
7
6
5
6
7
8
9
10
9
8
7
6
5
6
7
8
9
10
9
8
7
6
5
6
7
8
9
10
9
8
7
6
5
6
7
8
9
10
9
8
7
6
5
6
7
8
9
10
9
8
7
6
5
6
7
8
9
10
9
8
7
6
5
6
7
8
9
10
9
8
7
6
5
6
7
8
9
10
9
8
7
6
5
6
7
8
9
10
9
8
7
6
5
6
7
8
9
10
9
8
7
6
5
6
7
8
9
10
9
8
7
6
5
6
7
8
9
10
9
8
7
6
5
6
7
8
9
10
9
8
7
6
5
6
7
8
9
10
9
8
7
6
5
6
7
8
9
10
9
8
7
6
5
6
7
8
9
10
9
8
7
6
5
6
7
8
9
10
9
8
7
6
5
6
7
8
9
10
9
8
7
6
5
6
7
8
9
10
9
8
7
6
5
6
7
8
9
10
9
8
7
6
5
6
7
8
9
10
9
8
7
6
5
6
7
8
9
10
9
8
7
6
5
6
7
8
9
10
9
8
7
6
5
6
7
8
9
10
9
8
7
6
5
6
7
8
9
10
9
8
7
6
5
6
7
8
9
10
9
8
7
6
5
6
7
8
9
10
9
8
7
6
5
6
7
8
9
10
9
8
7
6
5
6
7
8
9
10
9
8
7
6
5
6
7
8
9
10
9
8
7
6
5
6
7
8
9
10
9
8
7
6
5
6
7
8
9
10
9
8
7
6
5
6
7
8
9
10
9
8
7
6
5
6
7
8
9
10
9
8
7
6
5
6
7
8
9
10
9
8
7
6
5
6
7
8
9
10
9
8
7
6
5
6
7
8
9
10
9
8
7
6
5
6
7
8
9
10
9
8
7
6
5
6
7
8
9
10
9
8
7
6
5
6
7
8
9
10
9
8
7
6
5
6
7
8
9
10
9
8
7
6
5
6
7
8
9
10
9
8
7
6
5
6
7
8
9
10
9
8
7
6
5
6
7
8
9
10
9
8
7
6
5
6
7
8
9
10
9
8
7
6
5
6
7
8
9
10
9
8
7
6
5
6
7
8
9
10
9
8
7
6
5
6
7
8
9
10
9
8
7
6
5
6
7
8
9
10
9
8
7
6
5
6
7
8
9
10
9
8
7
6
5
6
7
8
9
10
9
8
7
6
5
6
7
8
9
10
9
8
7
6
5
6
7
8
9
10
9
8
7
6
5
6
7
8
9
10
9
8
7
6
5
6
7
8
9
10
9
8
7
6
5
6
7
8
9
10
9
8
7
6
5
6
7
8
9
10
9
8
7
6
5
6
7
8
9
10
9
8
7
6
5
6
7
8
9
10
9
8
7
6
5
6
7
8
9
10
9
8
7
6
5
6
7
8
9
10
9
8
7
6
5
6
7
8
9
10
9
8
7
6
5
6
7
8
9
10
9
8
7
6
5
6
7
8
9
10
9
8
7
6
5
6
7
8
9
10
9
8
7
6
5
6
7
8
9
10
9
8
7
6
5
6
7
8
9
10
9
8
7
6
5
6
7
8
9
10
9
8
7
6
5
6
7
8
9
10
9
8
7
6
5
6
7
8
9
10
9
8
7
6
5
6
7
8
9
10
9
8
7
6
5
6
7
8
9
10
9
8
7
6
5
6
7
8
9
10
9
8
7
6
5
6
7
8
9
10
9
8
7
6
5
6
7
8
9
10
9
8
7
6
5
6
7
8
9
10
9
8
7
6
5
6
7
8
9
10
9
8
7
6
5
6
7
8
9
10
9
8
7
6
5
6
7
8
9
10
9
8
7
6
5
6
7
8
9
10
9
8
7
6
5
6
7
8
9
10
9
8
7
6
5
6
7
8
9
10
9
8
7
6
5
6
7
8
9
10
9
8
7
6
5
6
7
8
9
10
9
8
7
6
5
6
7
8
9
10
9
8
7
6
5
6
7
8
9
10
9
8
7
6
5
6
7
8
9
10
9
8
7
6
5
6
7
8
9
10
9
8
7
6
5
6
7
8
9
10
9
8
7
6
5
6
7
8
9
10
9
8
7
6
5
6
7
8
9
10
9
8
7
6
5
6
7
8
9
10
9
8
7
6
5
6
7
8
9
10
9
8
7
6
5
6
7
8
9
10
9
8
7
6
5
6
7
8
9
10
9
8
7
6
5
6
7
8
9
10
9
8
7
6
5
6
7
8
9
10
9
8
7
6
5
6
7
8
9
10
9
8
7
6
5
6
7
8
9
10
9
8
7
6
5
6
7
8
9
10
9
8
7
6
5
6
7
8
9
10
9
8
7
6
5
6
7
8
9
10
9
8
7
6
5
6
7
8
9
10
9
8
7
6
5
6
7
8
9
10
9
8
7
6
5
6
7
8
9
10
9
8
7
6
5
6
7
8
9
10
9
8
7
6
5
6
7
8
9
10
9
8
7
6
5
6
7
8
9
10
9
8
7
6
5
6
7
8
9
10
9
8
7
6
5
6
7
8
9
10
9
8
7
6
5
6
7
8
9
10
9
8
7
6
5
6
7
8
9
10
9
8
7
6
5
6
7
8
9
10
9
8
7
6
5
6
7
8
9
10
9
8
7
6
5
6
7
8
9
10
9
8
7
6
5
6
7
8
9
10
9
8
7
6
5
6
7
8
9
10
9
8
7
6
5
6
7
8
9
10
9
8
7
6
5
6
7
8
9
10
9
8
7
6
5
6
7
8
9
10
9
8
7
6
5
6
7
8
9
10
9
8
7
6
5
6
7
8
9
10
9
8
7
6
5
6
7
8
9
10
9
8
7
6
5
6
7
8
9
10
9
8
7
6
5
6
7
8
9
10
9
8
7
6
5
6
7
8
9
10
9
8
7
6
5
6
7
8
9
10
9
8
7
6
5
6
7
8
9
10
9
8
7
6
5
6
7
8
9
10
9
8
7
6
5
6
7
8
9
10
9
8
7
6
5
6
7
8
9
10
9
8
7
6
5
6
7
8
9
10
9
8
7
6
5
6
7
8
9
10
9
8
7
6
5
6
7
8
9
10
9
8
7
6
5
6
7
8
9
10
9
8
7
6
5
6
7
8
9
10
9
8
7
6
5
6
7
8
9
10
9
8
7
6
5
6
7
8
9
10
9
8
7
6
5
6
7
8
9
10
9
8
7
6
5
6
7
8
9
10
9
8
7
6
5
6
7
8
9
10
9
8
7
6
5
6
7
8
9
10
9
8
7
6
5
6
7
8
9
10
9
8
7
6
5
6
7
8
9
10
9
8
7
6
5
6
7
8
9
10
9
8
7
6
5
6
7
8
9
10
9
8
7
6
5
6
7
8
9
10
9
8
7
6
5
6
7
8
9
10
9
8
7
6
5
6
7
8
9
10
9
8
7
6
5
6
7
8
9
10
9
8
7
6
5
6
7
8
9
10
9
8
7
6
5
6
7
8
9
10
9
8
7
6
5
6
7
8
9
10
9
8
7
6
5
6
7
8
9
10
9
8
7
6
5
6
7
8
9
10
9
8
7
6
5
6
7
8
9
10
9
8
7
6
5
6
7
8
9
10
9
8
7
6
5
6
7
8
9
10
9
8
7
6
5
6
7
8
9
10
9
8
7
6
5
6
7
8
9
10
9
8
7
6
5
6
7
8
9
10
9
8
7
6
5
6
7
8
9
10
9
8
7
6
5
6
7
8
9
10
9
8
7
6
5
6
7
8
9
10
9
8
7
6
5
6
7
8
9
10
9
8
7
6
5
6
7
8
9
10
9
8
7
6
5
6
7
8
9
10
9
8
7
6
5
6
7
8
9
10
9
8
7
6
5
6
7
8
9
10
9
8
7
6
5
6
7
8
9
10
9
8
7
6
5
6
7
8
9
10
9
8
7
6
5
6
7
8
9
10
9
8
7
6
5
6
7
8
9
10
9
8
7
6
5
6
7
8
9
10
9
8
7
6
5
6
7
8
9
10
9
8
7
6
5
6
7
8
9
10
9
8
7
6
5
6
7
8
9
10
9
8
7
6
5
6
7
8
9
10
9
8
7
6
5
6
7
8
9
10
9
8
7
6
5
6
7
8
9
10
9
8
7
6
5
6
7
8
9
10
9
8
7
6
5
6
7
8
9
10
9
8
7
6
5
6
7
8
9
10
9
8
7
6
5
6
7
8
9
10
9
8
7
6
5
6
7
8
9
10
9
8
7
6
5
6
7
8
9
10
9
8
7
6
5
6
7
8
9
10
9
8
7
6
5
6
7
8
9
10
9
8
7
6
5
6
7
8
9
10
9
8
7
6
5
6
7
8
9
10
9
8
7
6
5
6
7
8
9
10
9
8
7
6
5
6
7
8
9
10
9
8
7
6
5
6
7
8
9
10
9
8
7
6
5
6
7
8
9
10
9
8
7
6
5
6
7
8
9
10
9
8
7
6
5
6
7
8
9
10
9
8
7
6
5
6
7
8
9
10
9
8
7
6
5
6
7
8
9
10
9
8
7
6
5
6
7
8
9
10
9
8
7
6
5
6
7
8
9
10
9
8
7
6
5
6
7
8
9
10
9
8
7
6
5
6
7
8
9
10
9
8
7
6
5
6
7
8
9
10
9
8
7
6
5
6
7
8
9
10
9
8
7
6
5
6
7
8
9
10
9
8
7
6
5
6
7
8
9
10
9
8
7
6
5
6
7
8
9
10
9
8
7
6
5
6
7
8
9
10
9
8
7
6
5
6
7
7
8
9
8
7
6
5
4
5
6
7
8
9
8
7
6
5
4
5
6
7
8
9
8
7
6
5
4
5
6
7
8
9
8
7
6
5
4
5
6
7
8
9
8
7
6
5
4
5
6
7
8
9
8
7
6
5
4
5
6
7
8
9
8
7
6
5
4
5
6
7
8
9
8
7
6
5
4
5
6
7
8
9
8
7
6
5
4
5
6
7
8
9
8
7
6
5
4
5
6
7
8
9
8
7
6
5
4
5
6
7
8
9
8
7
6
5
4
5
6
7
8
9
8
7
6
5
4
5
6
7
8
9
8
7
6
5
4
5
6
7
8
9
8
7
6
5
4
5
6
7
8
9
8
7
6
5
4
5
6
7
8
9
8
7
6
5
4
5
6
7
8
9
8
7
6
5
4
5
6
7
8
9
8
7
6
5
4
5
6
7
8
9
8
7
6
5
4
5
6
7
8
9
8
7
6
5
4
5
6
7
8
9
8
7
6
5
4
5
6
7
8
9
8
7
6
5
4
5
6
7
8
9
8
7
6
5
4
5
6
7
8
9
8
7
6
5
4
5
6
7
8
9
8
7
6
5
4
5
6
7
8
9
8
7
6
5
4
5
6
7
8
9
8
7
6
5
4
5
6
7
8
9
8
7
6
5
4
5
6
7
8
9
8
7
6
5
4
5
6
7
8
9
8
7
6
5
4
5
6
7
8
9
8
7
6
5
4
5
6
7
8
9
8
7
6
5
4
5
6
7
8
9
8
7
6
5
4
5
6
7
8
9
8
7
6
5
4
5
6
7
8
9
8
7
6
5
4
5
6
7
8
9
8
7
6
5
4
5
6
7
8
9
8
7
6
5
4
5
6
7
8
9
8
7
6
5
4
5
6
7
8
9
8
7
6
5
4
5
6
7
8
9
8
7
6
5
4
5
6
7
8
9
8
7
6
5
4
5
6
7
8
9
8
7
6
5
4
5
6
7
8
9
8
7
6
5
4
5
6
7
8
9
8
7
6
5
4
5
6
7
8
9
8
7
6
5
4
5
6
7
8
9
8
7
6
5
4
5
6
7
8
9
8
7
6
5
4
5
6
7
8
9
8
7
6
5
4
5
6
7
8
9
8
7
6
5
4
5
6
7
8
9
8
7
6
5
4
5
6
7
8
9
8
7
6
5
4
5
6
7
8
9
8
7
6
5
4
5
6
7
8
9
8
7
6
5
4
5
6
7
8
9
8
7
6
5
4
5
6
7
8
9
8
7
6
5
4
5
6
7
8
9
8
7
6
5
4
5
6
7
8
9
8
7
6
5
4
5
6
7
8
9
8
7
6
5
4
5
6
7
8
9
8
7
6
5
4
5
6
7
8
9
8
7
6
5
4
5
6
7
8
9
8
7
6
5
4
5
6
7
8
9
8
7
6
5
4
5
6
7
8
9
8
7
6
5
4
5
6
7
8
9
8
7
6
5
4
5
6
7
8
9
8
7
6
5
4
5
6
7
8
9
8
7
6
5
4
5
6
7
8
9
8
7
6
5
4
5
6
7
8
9
8
7
6
5
4
5
6
7
8
9
8
7
6
5
4
5
6
7
8
9
8
7
6
5
4
5
6
7
8
9
8
7
6
5
4
5
6
7
8
9
8
7
6
5
4
5
6
7
8
9
8
7
6
5
4
5
6
7
8
9
8
7
6
5
4
5
6
7
8
9
8
7
6
5
4
5
6
7
8
9
8
7
6
5
4
5
6
7
8
9
8
7
6
5
4
5
6
7
8
9
8
7
6
5
4
5
6
7
8
9
8
7
6
5
4
5
6
7
8
9
8
7
6
5
4
5
6
7
8
9
8
7
6
5
4
5
6
7
8
9
8
7
6
5
4
5
6
7
8
9
8
7
6
5
4
5
6
7
8
9
8
7
6
5
4
5
6
7
8
9
8
7
6
5
4
5
6
7
8
9
8
7
6
5
4
5
6
7
8
9
8
7
6
5
4
5
6
7
8
9
8
7
6
5
4
5
6
7
8
9
8
7
6
5
4
5
6
7
8
9
8
7
6
5
4
5
6
7
8
9
8
7
6
5
4
5
6
7
8
9
8
7
6
5
4
5
6
7
8
9
8
7
6
5
4
5
6
7
8
9
8
7
6
5
4
5
6
7
8
9
8
7
6
5
4
5
6
7
8
9
8
7
6
5
4
5
6
7
8
9
8
7
6
5
4
5
6
7
8
9
8
7
6
5
4
5
6
7
8
9
8
7
6
5
4
5
6
7
8
9
8
7
6
5
4
5
6
7
8
9
8
7
6
5
4
5
6
7
8
9
8
7
6
5
4
5
6
7
8
9
8
7
6
5
4
5
6
7
8
9
8
7
6
5
4
5
6
7
8
9
8
7
6
5
4
5
6
7
8
9
8
7
6
5
4
5
6
7
8
9
8
7
6
5
4
5
6
7
8
9
8
7
6
5
4
5
6
7
8
9
8
7
6
5
4
5
6
7
8
9
8
7
6
5
4
5
6
7
8
9
8
7
6
5
4
5
6
7
8
9
8
7
6
5
4
5
6
7
8
9
8
7
6
5
4
5
6
7
8
9
8
7
6
5
4
5
6
7
8
9
8
7
6
5
4
5
6
7
8
9
8
7
6
5
4
5
6
7
8
9
8
7
6
5
4
5
6
7
8
9
8
7
6
5
4
5
6
7
8
9
8
7
6
5
4
5
6
7
8
9
8
7
6
5
4
5
6
7
8
9
8
7
6
5
4
5
6
7
8
9
8
7
6
5
4
5
6
7
8
9
8
7
6
5
4
5
6
7
8
9
8
7
6
5
4
5
6
7
8
9
8
7
6
5
4
5
6
7
8
9
8
7
6
5
4
5
6
7
8
9
8
7
6
5
4
5
6
7
8
9
8
7
6
5
4
5
6
7
8
9
8
7
6
5
4
5
6
7
8
9
8
7
6
5
4
5
6
7
8
9
8
7
6
5
4
5
6
7
8
9
8
7
6
5
4
5
6
7
8
9
8
7
6
5
4
5
6
7
8
9
8
7
6
5
4
5
6
7
8
9
8
7
6
5
4
4
5
6
7
8
7
6
5
4
3
4
5
6
7
8
7
6
5
4
3
4
5
6
7
8
7
6
5
4
3
4
5
6
7
8
7
6
5
4
3
4
5
6
7
8
7
6
5
4
3
4
5
6
7
8
7
6
5
4
3
4
5
6
7
8
7
6
5
4
3
4
5
6
7
8
7
6
5
4
3
4
5
6
7
8

```
Expected Output:
```
1
2
3
4
5
6
7
8
9
10
9
8
7
6
5
6
7
8
9
10
9
8
7
6
5
6
7
8
9
10
9
8
7
6
5
6
7
8
9
10
9
8
7
6
5
6
7
8
9
10
9
8
7
6
5
6
7
8
9
10
9
8
7
6
5
6
7
8
9
10
9
8
7
6
5
6
7
8
9
10
9
8
7
6
5
6
7
8
9
10
9
8
7
6
5
6
7
8
9
10
9
8
7
6
5
6
7
8
9
10
9
8
7
6
5
6
7
8
9
10
9
8
7
6
5
6
7
8
9
10
9
8
7
6
5
6
7
8
9
10
9
8
7
6
5
6
7
8
9
10
9
8
7
6
5
6
7
8
9
10
9
8
7
6
5
6
7
8
9
10
9
8
7
6
5
6
7
8
9
10
9
8
7
6
5
6
7
8
9
10
9
8
7
6
5
6
7
8
9
10
9
8
7
6
5
6
7
8
9
10
9
8
7
6
5
6
7
8
9
10
9
8
7
6
5
6
7
8
9
10
9
8
7
6
5
6
7
8
9
10
9
8
7
6
5
6
7
8
9
10
9
8
7
6
5
6
7
8
9
10
9
8
7
6
5
6
7
8
9
10
9
8
7
6
5
6
7
8
9
10
9
8
7
6
5
6
7
8
9
10
9
8
7
6
5
6
7
8
9
10
9
8
7
6
5
6
7
8
9
10
9
8
7
6
5
6
7
8
9
10
9
8
7
6
5
6
7
8
9
10
9
8
7
6
5
6
7
8
9
10
9
8
7
6
5
6
7
8
9
10
9
8
7
6
5
6
7
8
9
10
9
8
7
6
5
6
7
8
9
10
9
8
7
6
5
6
7
8
9
10
9
8
7
6
5
6
7
8
9
10
9
8
7
6
5
6
7
8
9
10
9
8
7
6
5
6
7
8
9
10
9
8
7
6
5
6
7
8
9
10
9
8
7
6
5
6
7
8
9
10
9
8
7
6
5
6
7
8
9
10
9
8
7
6
5
6
7
8
9
10
9
8
7
6
5
6
7
8
9
10
9
8
7
6
5
6
7
8
9
10
9
8
7
6
5
6
7
8
9
10
9
8
7
6
5
6
7
8
9
10
9
8
7
6
5
6
7
8
9
10
9
8
7
6
5
6
7
8
9
10
9
8
7
6
5
6
7
8
9
10
9
8
7
6
5
6
7
8
9
10
9
8
7
6
5
6
7
8
9
10
9
8
7
6
5
6
7
8
9
10
9
8
7
6
5
6
7
8
9
10
9
8
7
6
5
6
7
8
9
10
9
8
7
6
5
6
7
8
9
10
9
8
7
6
5
6
7
8
9
10
9
8
7
6
5
6
7
8
9
10
9
8
7
6
5
6
7
8
9
10
9
8
7
6
5
6
7
8
9
10
9
8
7
6
5
6
7
8
9
10
9
8
7
6
5
6
7
8
9
10
9
8
7
6
5
6
7
8
9
10
9
8
7
6
5
6
7
8
9
10
9
8
7
6
5
6
7
8
9
10
9
8
7
6
5
6
7
8
9
10
9
8
7
6
5
6
7
8
9
10
9
8
7
6
5
6
7
8
9
10
9
8
7
6
5
6
7
8
9
10
9
8
7
6
5
6
7
8
9
10
9
8
7
6
5
6
7
8
9
10
9
8
7
6
5
6
7
8
9
10
9
8
7
6
5
6
7
8
9
10
9
8
7
6
5
6
7
8
9
10
9
8
7
6
5
6
7
8
9
10
9
8
7
6
5
6
7
8
9
10
9
8
7
6
5
6
7
8
9
10
9
8
7
6
5
6
7
8
9
10
9
8
7
6
5
6
7
8
9
10
9
8
7
6
5
6
7
8
9
10
9
8
7
6
5
6
7
8
9
10
9
8
7
6
5
6
7
8
9
10
9
8
7
6
5
6
7
8
9
10
9
8
7
6
5
6
7
8
9
10
9
8
7
6
5
6
7
8
9
10
9
8
7
6
5
6
7
8
9
10
9
8
7
6
5
6
7
8
9
10
9
8
7
6
5
6
7
8
9
10
9
8
7
6
5
6
7
8
9
10
9
8
7
6
5
6
7
8
9
10
9
8
7
6
5
6
7
8
9
10
9
8
7
6
5
6
7
8
9
10
9
8
7
6
5
6
7
8
9
10
9
8
7
6
5
6
7
8
9
10
9
8
7
6
5
6
7
8
9
10
9
8
7
6
5
6
7
8
9
10
9
8
7
6
5
6
7
8
9
10
9
8
7
6
5
6
7
8
9
10
9
8
7
6
5
6
7
8
9
10
9
8
7
6
5
6
7
8
9
10
9
8
7
6
5
6
7
8
9
10
9
8
7
6
5
6
7
8
9
10
9
8
7
6
5
6
7
8
9
10
9
8
7
6
5
6
7
8
9
10
9
8
7
6
5
6
7
8
9
10
9
8
7
6
5
6
7
8
9
10
9
8
7
6
5
6
7
8
9
10
9
8
7
6
5
6
7
8
9
10
9
8
7
6
5
6
7
8
9
10
9
8
7
6
5
6
7
8
9
10
9
8
7
6
5
6
7
8
9
10
9
8
7
6
5
6
7
8
9
10
9
8
7
6
5
6
7
8
9
10
9
8
7
6
5
6
7
8
9
10
9
8
7
6
5
6
7
8
9
10
9
8
7
6
5
6
7
8
9
10
9
8
7
6
5
6
7
8
9
10
9
8
7
6
5
6
7
8
9
10
9
8
7
6
5
6
7
8
9
10
9
8
7
6
5
6
7
8
9
10
9
8
7
6
5
6
7
8
9
10
9
8
7
6
5
6
7
8
9
10
9
8
7
6
5
6
7
8
9
10
9
8
7
6
5
6
7
8
9
10
9
8
7
6
5
6
7
8
9
10
9
8
7
6
5
6
7
8
9
10
9
8
7
6
5
6
7
8
9
10
9
8
7
6
5
6
7
8
9
10
9
8
7
6
5
6
7
8
9
10
9
8
7
6
5
6
7
8
9
10
9
8
7
6
5
6
7
8
9
10
9
8
7
6
5
6
7
8
9
10
9
8
7
6
5
6
7
8
9
10
9
8
7
6
5
6
7
8
9
10
9
8
7
6
5
6
7
8
9
10
9
8
7
6
5
6
7
8
9
10
9
8
7
6
5
6
7
8
9
10
9
8
7
6
5
6
7
8
9
10
9
8
7
6
5
6
7
8
9
10
9
8
7
6
5
6
7
8
9
10
9
8
7
6
5
6
7
8
9
10
9
8
7
6
5
6
7
8
9
10
9
8
7
6
5
6
7
8
9
10
9
8
7
6
5
6
7
8
9
10
9
8
7
6
5
6
7
8
9
10
9
8
7
6
5
6
7
8
9
10
9
8
7
6
5
6
7
8
9
10
9
8
7
6
5
6
7
8
9
10
9
8
7
6
5
6
7
8
9
10
9
8
7
6
5
6
7
8
9
10
9
8
7
6
5
6
7
8
9
10
9
8
7
6
5
6
7
8
9
10
9
8
7
6
5
6
7
8
9
10
9
8
7
6
5
6
7
8
9
10
9
8
7
6
5
6
7
8
9
10
9
8
7
6
5
6
7
8
9
10
9
8
7
6
5
6
7
8
9
10
9
8
7
6
5
6
7
8
9
10
9
8
7
6
5
6
7
8
9
10
9
8
7
6
5
6
7
8
9
10
9
8
7
6
5
6
7
8
9
10
9
8
7
6
5
6
7
8
9
10
9
8
7
6
5
6
7
8
9
10
9
8
7
6
5
6
7
8
9
10
9
8
7
6
5
6
7
8
9
10
9
8
7
6
5
6
7
8
9
10
9
8
7
6
5
6
7
8
9
10
9
8
7
6
5
6
7
8
9
10
9
8
7
6
5
6
7
8
9
10
9
8
7
6
5
6
7
8
9
10
9
8
7
6
5
6
7
8
9
10
9
8
7
6
5
6
7
8
9
10
9
8
7
6
5
6
7
8
9
10
9
8
7
6
5
6
7
8
9
10
9
8
7
6
5
6
7
8
9
10
9
8
7
6
5
6
7
8
9
10
9
8
7
6
5
6
7
8
9
10
9
8
7
6
5
6
7
8
9
10
9
8
7
6
5
6
7
8
9
10
9
8
7
6
5
6
7
8
9
10
9
8
7
6
5
6
7
8
9
10
9
8
7
6
5
6
7
8
9
10
9
8
7
6
5
6
7
8
9
10
9
8
7
6
5
6
7
8
9
10
9
8
7
6
5
6
7
8
9
10
9
8
7
6
5
6
7
8
9
10
9
8
7
6
5
6
7
8
9
10
9
8
7
6
5
6
7
8
9
10
9
8
7
6
5
6
7
8
9
10
9
8
7
6
5
6
7
8
9
10
9
8
7
6
5
6
7
8
9
10
9
8
7
6
5
6
7
8
9
10
9
8
7
6
5
6
7
8
9
10
9
8
7
6
5
6
7
8
9
10
9
8
7
6
5
6
7
8
9
10
9
8
7
6
5
6
7
8
9
10
9
8
7
6
5
6
7
8
9
10
9
8
7
6
5
6
7
8
9
10
9
8
7
6
5
6
7
8
9
10
9
8
7
6
5
6
7
8
9
10
9
8
7
6
5
6
7
8
9
10
9
8
7
6
5
6
7
8
9
10
9
8
7
6
5
6
7
8
9
10
9
8
7
6
5
6
7
8
9
10
9
8
7
6
5
6
7
8
9
10
9
8
7
6
5
6
7
8
9
10
9
8
7
6
5
6
7
8
9
10
9
8
7
6
5
6
7
8
9
10
9
8
7
6
5
6
7
8
9
10
9
8
7
6
5
6
7
8
9
10
9
8
7
6
5
6
7
8
9
10
9
8
7
6
5
6
7
8
9
10
9
8
7
6
5
6
7
8
9
10
9
8
7
6
5
6
7
8
9
10
9
8
7
6
5
6
7
8
9
10
9
8
7
6
5
6
7
8
9
10
9
8
7
6
5
6
7
8
9
10
9
8
7
6
5
6
7
8
9
10
9
8
7
6
5
6
7
8
9
10
9
8
7
6
5
6
7
8
9
10
9
8
7
6
5
6
7
8
9
10
9
8
7
6
5
6
7
8
9
10
9
8
7
6
5
6
7
8
9
10
9
8
7
6
5
6
7
8
9
10
9
8
7
6
5
6
7
8
9
10
9
8
7
6
5
6
7
8
9
10
9
8
7
6
5
6
7
8
9
10
9
8
7
6
5
6
7
8
9
10
9
8
7
6
5
6
7
8
9
10
9
8
7
6
5
6
7
8
9
10
9
8
7
6
5
6
7
8
9
10
9
8
7
6
5
6
7
8
9
10
9
8
7
6
5
6
7
8
9
10
9
8
7
6
5
6
7
8
9
10
9
8
7
6
5
6
7
8
9
10
9
8
7
6
5
6
7
8
9
10
9
8
7
6
5
6
7
8
9
10
9
8
7
6
5
6
7
8
9
10
9
8
7
6
5
6
7
8
9
10
9
8
7
6
5
6
7
8
9
10
9
8
7
6
5
6
7
8
9
10
9
8
7
6
5
6
7
8
9
10
9
8
7
6
5
6
7
8
9
10
9
8
7
6
5
6
7
8
9
10
9
8
7
6
5
6
7
8
9
10
9
8
7
6
5
6
7
8
9
10
9
8
7
6
5
6
7
8
9
10
9
8
7
6
5
6
7
8
9
10
9
8
7
6
5
6
7
8
9
10
9
8
7
6
5
6
7
8
9
10
9
8
7
6
5
6
7
8
9
10
9
8
7
6
5
6
7
8
9
10
9
8
7
6
5
6
7
8
9
10
9
8
7
6
5
6
7
8
9
10
9
8
7
6
5
6
7
8
9
10
9
8
7
6
5
6
7
8
9
10
9
8
7
6
5
6
7
8
9
10
9
8
7
6
5
6
7
8
9
10
9
8
7
6
5
6
7
8
9
10
9
8
7
6
5
6
7
8
9
10
9
8
7
6
5
6
7
8
9
10
9
8
7
6
5
6
7
8
9
10
9
8
7
6
5
6
7
8
9
10
9
8
7
6
5
6
7
8
9
10
9
8
7
6
5
6
7
8
9
10
9
8
7
6
5
6
7
8
9
10
9
8
7
6
5
6
7
8
9
10
9
8
7
6
5
6
7
8
9
10
9
8
7
6
5
6
7
8
9
10
9
8
7
6
5
6
7
8
9
10
9
8
7
6
5
6
7
8
9
10
9
8
7
6
5
6
7
8
9
10
9
8
7
6
5
6
7
8
9
10
9
8
7
6
5
6
7
8
9
10
9
8
7
6
5
6
7
8
9
10
9
8
7
6
5
6
7
8
9
10
9
8
7
6
5
6
7
8
9
10
9
8
7
6
5
6
7
8
9
10
9
8
7
6
5
6
7
8
9
10
9
8
7
6
5
6
7
8
9
10
9
8
7
6
5
6
7
8
9
10
9
8
7
6
5
6
7
8
9
10
9
8
7
6
5
6
7
8
9
10
9
8
7
6
5
6
7
8
9
10
9
8
7
6
5
6
7
8
9
10
9
8
7
6
5
6
7
8
9
10
9
8
7
6
5
6
7
8
9
10
9
8
7
6
5
6
7
8
9
10
9
8
7
6
5
6
7
8
9
10
9
8
7
6
5
6
7
8
9
10
9
8
7
6
5
6
7
8
9
10
9
8
7
6
5
6
7
8
9
10
9
8
7
6
5
6
7
8
9
10
9
8
7
6
5
6
7
8
9
10
9
8
7
6
5
6
7
8
9
10
9
8
7
6
5
6
7
8
9
10
9
8
7
6
5
6
7
8
9
10
9
8
7
6
5
6
7
8
9
10
9
8
7
6
5
6
7
8
9
10
9
8
7
6
5
6
7
8
9
10
9
8
7
6
5
6
7
8
9
10
9
8
7
6
5
6
7
8
9
10
9
8
7
6
5
6
7
8
9
10
9
8
7
6
5
6
7
8
9
10
9
8
7
6
5
6
7
8
9
10
9
8
7
6
5
6
7
8
9
10
9
8
7
6
5
6
7
8
9
10
9
8
7
6
5
6
7
8
9
10
9
8
7
6
5
6
7
8
9
10
9
8
7
6
5
6
7
8
9
10
9
8
7
6
5
6
7
8
9
10
9
8
7
6
5
6
7
8
9
10
9
8
7
6
5
6
7
8
9
10
9
8
7
6
5
6
7
8
9
10
9
8
7
6
5
6
7
8
9
10
9
8
7
6
5
6
7
8
9
10
9
8
7
6
5
6
7
8
9
10
9
8
7
6
5
6
7
8
9
10
9
8
7
6
5
6
7
8
9
10
9
8
7
6
5
6
7
8
9
10
9
8
7
6
5
6
7
8
9
10
9
8
7
6
5
6
7
8
9
10
9
8
7
6
5
6
7
8
9
10
9
8
7
6
5
6
7
8
9
10
9
8
7
6
5
6
7
8
9
10
9
8
7
6
5
6
7
8
9
10
9
8
7
6
5
6
7
8
9
10
9
8
7
6
5
6
7
8
9
10
9
8
7
6
5
6
7
8
9
10
9
8
7
6
5
6
7
8
9
10
9
8
7
6
5
6
7
8
9
10
9
8
7
6
5
6
7
8
9
10
9
8
7
6
5
6
7
8
9
10
9
8
7
6
5
6
7
8
9
10
9
8
7
6
5
6
7
8
9
10
9
8
7
6
5
6
7
8
9
10
9
8
7
6
5
6
7
8
9
10
9
8
7
6
5
6
7
8
9
10
9
8
7
6
5
6
7
8
9
10
9
8
7
6
5
6
7
8
9
10
9
8
7
6
5
6
7
8
9
10
9
8
7
6
5
6
7
8
9
10
9
8
7
6
5
6
7
8
9
10
9
8
7
6
5
6
7
8
9
10
9
8
7
6
5
6
7
8
9
10
9
8
7
6
5
6
7
8
9
10
9
8
7
6
5
6
7
8
9
10
9
8
7
6
5
6
7
8
9
10
9
8
7
6
5
6
7
8
9
10
9
8
7
6
5
6
7
8
9
10
9
8
7
6
5
6
7
8
9
10
9
8
7
6
5
6
7
8
9
10
9
8
7
6
5
6
7
8
9
10
9
8
7
6
5
6
7
8
9
10
9
8
7
6
5
6
7
8
9
10
9
8
7
6
5
6
7
8
9
10
9
8
7
6
5
6
7
8
9
10
9
8
7
6
5
6
7
8
9
10
9
8
7
6
5
6
7
8
9
10
9
8
7
6
5
6
7
8
9
10
9
8
7
6
5
6
7
8
9
10
9
8
7
6
5
6
7
8
9
10
9
8
7
6
5
6
7
8
9
10
9
8
7
6
5
6
7
8
9
10
9
8
7
6
5
6
7
8
9
10
9
8
7
6
5
6
7
8
9
10
9
8
7
6
5
6
7
8
9
10
9
8
7
6
5
6
7
8
9
10
9
8
7
6
5
6
7
8
9
10
9
8
7
6
5
6
7
8
9
10
9
8
7
6
5
6
7
8
9
10
9
8
7
6
5
6
7
8
9
10
9
8
7
6
5
6
7
8
9
10
9
8
7
6
5
6
7
8
9
10
9
8
7
6
5
6
7
8
9
10
9
8
7
6
5
6
7
8
9
10
9
8
7
6
5
6
7
8
9
10
9
8
7
6
5
6
7
8
9
10
9
8
7
6
5
6
7
8
9
10
9
8
7
6
5
6
7
8
9
10
9
8
7
6
5
6
7
8
9
10
9
8
7
6
5
6
7
8
9
10
9
8
7
6
5
6
7
8
9
10
9
8
7
6
5
6
7
8
9
10
9
8
7
6
5
6
7
8
9
10
9
8
7
6
5
6
7
8
9
10
9
8
7
6
5
6
7
8
9
10
9
8
7
6
5
6
7
8
9
10
9

```
Error Analysis: Line 2528: Got '7', Expected '8'
Line 2529: Got '8', Expected '9'
Line 2530: Got '9', Expected '10'
Line 2531: Got '8', Expected '9'
Line 2532: Got '7', Expected '8'
Line 2533: Got '6', Expected '7'
Line 2534: Got '5', Expected '6'
Line 2535: Got '4', Expected '5'
Line 2536: Got '5', Expected '6'
Line 2537: Got '6', Expected '7'

### Your Task
Fix the C++ code to pass ALL test cases (including hidden ones).

### Critical Guidelines
1. Focus on algorithmic correctness - NO hard-coded values or special cases
2. Ensure proper data structures and complexity (aim for O(N log N) or better when possible)
3. Handle edge cases (empty input, single elements, max constraints)
4. Use standard C++20 features; avoid non-portable code

### Output Format
Provide ONLY the complete fixed C++ code in a single ```cpp block.
