469
-1
-1
-1
-1
-1
-1
-1
-1
-1
-1
-1
-1
840
-1
-1
-1
-1
-1
-1
-1
574
-1
-1
-1
-1
-1
-1
-1
1276
-1
-1
-1
-1
-1
-1
-1
1531
-1
1944
1914
-1
-1
-1
-1
-1
-1
-1
-1
-1
-1
-1
-1
55
-1
-1
-1
-1
-1
426
-1
-1
-1
-1
-1
-1
-1
-1
-1
-1
-1
-1
1643
-1
-1
155
-1
-1
-1
-1
-1
-1
-1
-1
-1
256
-1
-1
-1
-1
-1
-1
-1
-1
-1
-1
-1
-1
-1
1371
-1
-1
-1
-1
-1
-1
-1
-1
-1
-1
-1
-1
-1
-1
1877
-1
-1
-1
-1
-1
-1
-1
-1
-1
-1
-1
-1
-1
-1
-1
-1
-1
-1
-1
-1
-1
848
-1
-1
-1
977
-1
-1
-1
-1
-1
-1
-1
-1
-1
-1
-1
1276
-1
-1
-1
-1
-1
-1
-1
-1
-1
-1
-1
-1
-1
1024
-1
-1
-1
-1
-1
-1
-1
-1
-1
-1
-1
-1
-1
-1
657
-1
-1
-1
-1
-1
-1
-1
-1
-1
-1
-1
-1
-1
-1
-1
-1
-1
-1
-1
-1
-1
-1
-1
-1
-1
-1
-1
-1
-1
-1
-1
213
-1
-1
-1
-1
-1
1936
-1
2175
-1
-1
-1
-1
-1
-1
-1
-1
-1
-1
-1
-1
-1
848
672
-1
-1
-1
-1
-1
169
-1
-1
-1
915
-1
-1
-1
-1
-1
311
-1
-1
-1
-1
-1
-1
-1
-1
-1
2130
-1
-1
261
897
-1
-1
-1
960
-1
-1
-1
-1
-1
-1
-1
-1
-1
1654
-1
-1
-1
151
-1
-1
-1
-1
-1
-1
-1
-1
-1
940
-1
-1
-1
-1
-1
435
-1
-1
-1
-1
-1
-1
-1
-1
-1
-1
-1
-1
-1
-1
-1
-1
-1
-1
-1
-1
-1
-1
1403
2000
-1
-1
464
-1
-1
689
-1
-1
-1
-1
1720
1503
-1
-1
-1
-1
-1
-1
-1
728
-1
-1
-1
-1
-1
-1
-1
-1
-1
-1
-1
1775
-1
-1
-1
1944
-1
-1
-1
-1
-1
-1
-1
-1
-1
-1
-1
-1
-1
-1
-1
-1
-1
-1
-1
-1
-1
-1
-1
-1
-1
-1
-1
1709
-1
-1
-1
-1
-1
-1
-1
-1
-1
-1
-1
-1
-1
-1
-1
-1
-1
1206
-1
-1
-1
-1
-1
-1
-1
-1
-1
-1
-1
-1
1393
-1
-1
-1
-1
-1
-1
1642
-1
-1
-1
-1
-1
-1
-1
-1
-1
-1
-1
-1
2068
-1
-1
-1
-1
-1
-1
-1
-1
-1
-1
-1
-1
-1
2252
-1
1330
-1
-1
-1
1874
-1
-1
1972
-1
-1
-1
-1
-1
-1
-1
-1
-1
-1
-1
-1
-1
-1
-1
-1
-1
1244
-1
-1
-1
1226
226
582
-1
-1
-1
-1
-1
-1
373
-1
1013
-1
-1
-1
-1
-1
-1
-1
-1
-1
-1
-1
-1
-1
-1
1743
1806
-1
-1
-1
-1
-1
-1
-1
-1
-1
-1
-1
-1
-1
-1
-1
-1
1503
-1
-1
-1
-1
-1
-1
1866
-1
-1
-1
-1
-1
-1
-1
-1
-1
-1
1158
1310
751
1614
-1
830
894
-1
-1
-1
-1
-1
-1
-1
1547
-1
1546
1321
-1
-1
-1
-1
1627
-1
-1
829
-1
1505
1000
2251
-1
-1
-1
157
-1
-1
-1
-1
-1
-1
-1
-1
-1
-1
-1
-1
-1
-1
-1
-1
-1
224
1120
191
-1
-1
-1
-1
-1
2076
528
-1
-1
-1
-1
-1
-1
-1
-1
-1
1244
-1
-1
740
1784
1905
-1
-1
500
1055
-1
-1
-1
-1
-1
-1
-1
1443
-1
128
-1
45
-1
-1
2126
1766
1361
-1
-1
-1
297
-1
-1
-1
-1
-1
305
1291
-1
-1
-1
-1
-1
-1
-1
1467
-1
-1
-1
-1
-1
-1
-1
143
-1
-1
-1
-1
242
-1
-1
491
292
-1
344
-1
-1
725
-1
-1
1121
-1
-1
-1
-1
-1
563
-1
-1
2136
-1
567
-1
-1
-1
-1
-1
-1
-1
-1
-1
-1
-1
776
-1
1155
-1
-1
-1
-1
-1
-1
-1
154
-1
-1
-1
-1
-1
-1
-1
-1
-1
25
-1
-1
-1
1272
1777
1529
-1
-1
-1
-1
-1
-1
-1
2028
-1
-1
1717
-1
-1
-1
1499
-1
-1
433
1360
-1
-1
365
705
-1
-1
-1
-1
149
-1
-1
-1
-1
-1
-1
1717
-1
2087
-1
2112
529
1099
-1
-1
-1
-1
-1
-1
-1
-1
429
1035
-1
1096
605
1925
627
-1
-1
-1
-1
1478
-1
-1
1042
-1
-1
-1
-1
-1
1926
1569
-1
-1
-1
1155
302
-1
1351
-1
-1
-1
-1
1501
-1
1346
-1
-1
1873
-1
819
-1
-1
387
-1
-1
-1
-1
2249
-1
-1
-1
-1
-1
-1
1264
1986
-1
-1
-1
-1
2091
-1
-1
-1
-1
-1
-1
856
-1
-1
70
-1
-1
-1
-1
-1
-1
-1
-1
-1
-1
2229
1675
-1
-1
2122
1994
1626
-1
-1
310
-1
-1
-1
1922
-1
922
-1
-1
477
-1
-1
1632
-1
-1
-1
990
1812
261
909
-1
-1
-1
44
-1
1722
-1
1168
-1
-1
913
2229
-1
-1
-1
1314
286
-1
-1
697
-1
1508
600
1463
-1
-1
418
2228
1994
786
535
1891
-1
-1
-1
-1
-1
114
-1
224
-1
-1
-1
897
2102
2205
-1
1593
-1
-1
1073
-1
-1
1812
2171
-1
1592
-1
-1
2235
-1
514
-1
-1
-1
-1
-1
-1
-1
-1
-1
-1
2071
2071
-1
-1
-1
-1
-1
-1
-1
-1
-1
-1
-1
-1
-1
-1
-1
1767
-1
2212
-1
-1
22
-1
896
-1
-1
-1
-1
-1
-1
-1
-1
1190
1630
-1
-1
-1
-1
2164
2228
1865
2118
1106
-1
786
2134
1493
-1
1260
-1
-1
-1
-1
-1
1806
2159
-1
-1
-1
2152
1790
1546
2158
2189
-1
-1
861
1704
2164
672
-1
-1
-1
2024
-1
-1
2164
-1
2134
-1
-1
-1
-1
-1
1475
340
1061
-1
2201
786
-1
-1
-1
-1
-1
-1
-1
870
-1
-1
-1
-1
-1
-1
-1
-1
-1
-1
-1
-1
-1
-1
-1
2129
-1
1668
2255
-1
-1
2228
-1
-1
352
2212
1459
1224
2228
-1
1604
468
-1
1352
1963
1569
2212
-1
724
-1
2201
2094
-1
1520
2096
-1
-1
-1
-1
2228
-1
-1
408
2094
-1
-1
1983
2096
-1
1333
-1
-1
2199
2215
-1
-1
2228
-1
2243
1567
-1
-1
-1
-1
2236
-1
-1
2225
2262
447
2255
-1
2270
-1
-1
-1
-1
-1
1007
186
-1
-1
-1
1950
1914
-1
1246
-1
2265
-1
-1
-1
1949
-1
312
97
1251
1746
-1
-1
1791
2243
-1
-1
92
-1
-1
-1
2262
660
2225
-1
2244
-1
-1
2275
1146
-1
1929
-1
-1
2246
2228
1674
694
2252
-1
2244
1852
2236
2243
2275
1297
2246
2255
-1
-1
1570
1755
-1
2243
-1
2244
984
2275
-1
-1
1952
-1
2246
-1
2246
468
943
2265
919
677
2255
2243
-1
760
2265
1987
-1
-1
2139
-1
1003
2236
-1
2249
-1
2246
1717
2236
-1
-1
2255
-1
1946
1791
2255
2249
-1
2275
2270
2275
1107
-1
764
2264
-1
2243
2244
-1
-1
-1
1266
1859
1366
2265
-1
-1
-1
-1
-1
-1
117
-1
-1
758
2244
-1
1472
2246
2262
-1
2255
-1
2270
-1
-1
-1
-1
805
-1
861
2275
1722
1929
-1
-1
2265
-1
-1
-1
2270
799
-1
2255
-1
2249
1294
233
272
2244
2243
-1
2246
-1
2243
2255
-1
-1
2265
2262
-1
2275
-1
-1
-1
2275
-1
2244
-1
2269
2270
2275
-1
-1
2264
2275
2275
-1
-1
2269
-1
2265
-1
2264
2265
-1
953
-1
-1
2244
-1
-1
1819
-1
2255
1644
773
-1
2246
2155
-1
2255
2262
-1
827
-1
2270
839
-1
2255
1899
-1
2270
2246
2262
-1
-1
-1
2265
2262
2255
-1
2265
-1
2270
2264
-1
2262
2264
-1
2269
-1
680
2267
-1
-1
-1
-1
2260
-1
2072
-1
2269
2262
-1
2258
-1
-1
-1
-1
2258
2265
1168
2260
-1
-1
2255
2270
2270
-1
2265
2262
-1
1861
-1
-1
-1
-1
-1
2264
-1
1492
2264
-1
2266
2267
1597
1076
-1
2260
-1
-1
-1
2269
-1
-1
2269
2260
2266
2270
-1
2267
193
627
2269
2265
2275
2267
2272
2264
2265
2267
2270
-1
-1
2260
-1
-1
2266
2265
572
2266
-1
-1
2265
2270
2275
-1
2265
2269
2266
1275
2271
2266
-1
2271
-1
-1
-1
2275
2273
2273
2275
1924
-1
2273
-1
2275
-1
2269
-1
2265
2267
2270
2272
-1
-1
1036
-1
2271
2273
2265
-1
2267
-1
-1
-1
-1
2269
-1
-1
2270
1356
-1
2266
284
-1
1860
2267
-1
2269
2267
-1
-1
1663
2265
-1
-1
2269
2270
2267
2271
1962
2273
-1
-1
956
2271
2272
2275
-1
2264
-1
2266
2272
2267
2266
-1
-1
3
1973
-1
2270
-1
-1
2270
2275
-1
-1
2265
2275
-1
2270
2266
2271
2267
1542
2273
-1
2264
2266
957
2265
2264
-1
1982
2270
-1
2266
-1
-1
2266
2275
2267
1146
2264
-1
2157
2269
2275
-1
867
2266
409
2266
-1
82
2270
-1
2275
2267
-1
2265
2269
-1
-1
2273
2266
-1
2265
-1
2267
-1
2275
-1
-1
2272
-1
-1
2266
2275
2266
2275
2266
71
-1
2266
2271
2266
2266
-1
-1
1130
2267
868
-1
2274
2267
2275
2266
2265
-1
2272
2267
2272
2270
2274
-1
-1
2273
2272
2265
2266
-1
2271
-1
-1
2269
-1
2269
2269
2275
2148
-1
-1
2271
2271
-1
-1
2274
2273
2266
2272
-1
2273
2270
-1
-1
2274
-1
2266
2271
-1
2266
2269
633
2269
2275
2266
-1
2274
-1
2265
2270
2270
-1
-1
2274
2269
2271
2269
2275
2270
2272
2271
2270
-1
827
2274
2265
-1
2271
2269
2275
-1
-1
2271
2265
2265
2271
-1
-1
2270
-1
2270
-1
-1
1872
2265
2275
2272
2269
-1
-1
-1
-1
1668
2270
2271
-1
2270
2271
2266
2273
2271
-1
-1
2265
2271
2274
2267
2274
2269
-1
-1
-1
-1
2269
808
2265
2270
-1
2267
2271
2269
-1
2271
-1
701
2275
2275
2270
2265
2265
2273
2271
2275
2270
-1
2272
92
2267
2275
182
2275
-1
2273
2269
2269
2275
463
2273
2267
-1
-1
2273
-1
-1
2271
2274
2272
-1
-1
2269
2272
2274
2275
2275
-1
2265
117
2273
2274
2274
2271
2274
2266
2275
-1
2272
285
-1
2269
2267
-1
2274
2269
2227
2269
2275
1250
-1
2273
2270
951
-1
2267
-1
-1
2274
-1
2269
420
2270
2269
2274
-1
2273
2274
2266
2270
945
2272
2269
2272
2269
2269
2269
2275
1550
2275
-1
2267
2270
2271
2267
2265
-1
-1
499
2267
-1
2273
2275
2265
-1
2271
2270
-1
-1
2273
2267
2266
2274
2272
-1
2271
2267
-1
2266
2267
-1
2265
2266
-1
2272
-1
2271
-1
-1
-1
2274
2274
2273
2272
2273
2274
2267
-1
2270
2274
2275
2269
2275
-1
2270
2271
2267
2273
2270
2272
-1
-1
2269
2272
-1
-1
2272
-1
2269
2273
2270
-1
2271
2274
-1
2270
2274
-1
-1
2275
2274
2267
2275
-1
2270
1126
2272
-1
-1
2275
2266
-1
2268
2273
-1
-1
2268
2275
2269
2275
-1
2266
2275
2269
2274
-1
2272
2271
2271
2272
2272
2270
2267
2271
2270
2267
2274
2269
2266
-1
2272
2274
2273
-1
2267
2271
2275
-1
2270
2266
2273
2266
2275
2269
2266
-1
2267
-1
-1
2266
2267
2271
2274
1758
-1
-1
2270
-1
2272
2273
2273
2269
2267
2271
-1
2271
2273
2270
2271
2272
2266
-1
-1
2272
-1
2274
2271
2271
2269
-1
-1
2271
2267
2268
2270
2271
2268
2275
2273
-1
-1
2269
2269
-1
2269
2272
2275
2271
2275
2266
2267
2274
2273
2267
304
2271
-1
2267
2266
2271
2271
2271
-1
241
2275
1819
2275
2268
2266
2266
2275
2274
2268
-1
-1
2275
2269
2274
2269
-1
2269
2266
2268
2274
-1
2266
2270
2272
-1
2267
2275
2269
2274
2272
2272
2275
-1
-1
2272
2274
2271
2267
-1
2267
2275
802
2266
-1
2271
2271
2275
2272
2275
2266
2271
2268
1419
-1
2267
-1
-1
2269
2271
2275
2267
2271
2272
2274
2273
2275
2268
2274
2