### Problem Description
patched placeholder

### Your Incorrect Code
```cpp
#include <bits/stdc++.h>
using namespace std;
#define int long long
const int N=105;
int n;
int x;
int a[N],b[N],p[N],q[N];

int c[N];
bool check(int mid)
{
	for(int i=1;i<=n;i++)
	{
		c[i]=INT_MAX;
		for(int j=0;j<=b[i];j++)
		{
			c[i]=min(c[i],j*p[i]+q[i]*(mid-j*a[i]+b[i]-1)/b[i]);
		}
		for(int j=0;j<=b[i];j++)
		{
			c[i]=min(c[i],j*q[i]+p[i]*(mid-j*b[i]+a[i]-1)/a[i]);
		}
	}
	int ans=0;
	for(int i=1;i<=n;i++)
	{
		ans+=c[i];
	}
	if(ans>x) return false;
	return true;
}
signed main(){
	ios::sync_with_stdio(0);
	cin.tie(0);
	cout.tie(0);
	cin>>n;
	for(int i=1;i<=n;i++)
	{
		cin>>a[i]>>p[i]>>b[i]>>q[i];
	}
	int l=1,r=n;
	while(l<=r)
	{
		int mid=(l+r)/2;
		if(check(mid))
		{
			l=mid+1;
		}
		else 
		{
			r=mid-1;
		}
	}
	
	cout<<l;
	return 0;
}

```

### Failing Case #1
Input:
```
100 0
100 1 100 1
100 1 100 1
100 1 100 1
100 1 100 1
100 1 100 1
100 1 100 1
100 1 100 1
100 1 100 1
100 1 100 1
100 1 100 1
100 1 100 1
100 1 100 1
100 1 100 1
100 1 100 1
100 1 100 1
100 1 100 1
100 1 100 1
100 1 100 1
100 1 100 1
100 1 100 1
100 1 100 1
100 1 100 1
100 1 100 1
100 1 100 1
100 1 100 1
100 1 100 1
100 1 100 1
100 1 100 1
100 1 100 1
100 1 100 1
100 1 100 1
100 1 100 1
100 1 100 1
100 1 100 1
100 1 100 1
100 1 100 1
100 1 100 1
100 1 100 1
100 1 100 1
100 1 100 1
100 1 100 1
100 1 100 1
100 1 100 1
100 1 100 1
100 1 100 1
100 1 100 1
100 1 100 1
100 1 100 1
100 1 100 1
100 1 100 1
100 1 100 1
100 1 100 1
100 1 100 1
100 1 100 1
100 1 100 1
100 1 100 1
100 1 100 1
100 1 100 1
100 1 100 1
100 1 100 1
100 1 100 1
100 1 100 1
100 1 100 1
100 1 100 1
100 1 100 1
100 1 100 1
100 1 100 1
100 1 100 1
100 1 100 1
100 1 100 1
100 1 100 1
100 1 100 1
100 1 100 1
100 1 100 1
100 1 100 1
100 1 100 1
100 1 100 1
100 1 100 1
100 1 100 1
100 1 100 1
100 1 100 1
100 1 100 1
100 1 100 1
100 1 100 1
100 1 100 1
100 1 100 1
100 1 100 1
100 1 100 1
100 1 100 1
100 1 100 1
100 1 100 1
100 1 100 1
100 1 100 1
100 1 100 1
100 1 100 1
100 1 100 1
100 1 100 1
100 1 100 1
100 1 100 1
100 1 100 1

```
### Failing Case #2 (Alternative Size)
Input:
```
100 10000000
100 1 100 1
100 1 100 1
100 1 100 1
100 1 100 1
100 1 100 1
100 1 100 1
100 1 100 1
100 1 100 1
100 1 100 1
100 1 100 1
100 1 100 1
100 1 100 1
100 1 100 1
100 1 100 1
100 1 100 1
100 1 100 1
100 1 100 1
100 1 100 1
100 1 100 1
100 1 100 1
100 1 100 1
100 1 100 1
100 1 100 1
100 1 100 1
100 1 100 1
100 1 100 1
100 1 100 1
100 1 100 1
100 1 100 1
100 1 100 1
100 1 100 1
100 1 100 1
100 1 100 1
100 1 100 1
100 1 100 1
100 1 100 1
100 1 100 1
100 1 100 1
100 1 100 1
100 1 100 1
100 1 100 1
100 1 100 1
100 1 100 1
100 1 100 1
100 1 100 1
100 1 100 1
100 1 100 1
100 1 100 1
100 1 100 1
100 1 100 1
100 1 100 1
100 1 100 1
100 1 100 1
100 1 100 1
100 1 100 1
100 1 100 1
100 1 100 1
100 1 100 1
100 1 100 1
100 1 100 1
100 1 100 1
100 1 100 1
100 1 100 1
100 1 100 1
100 1 100 1
100 1 100 1
100 1 100 1
100 1 100 1
100 1 100 1
100 1 100 1
100 1 100 1
100 1 100 1
100 1 100 1
100 1 100 1
100 1 100 1
100 1 100 1
100 1 100 1
100 1 100 1
100 1 100 1
100 1 100 1
100 1 100 1
100 1 100 1
100 1 100 1
100 1 100 1
100 1 100 1
100 1 100 1
100 1 100 1
100 1 100 1
100 1 100 1
100 1 100 1
100 1 100 1
100 1 100 1
100 1 100 1
100 1 100 1
100 1 100 1
100 1 100 1
100 1 100 1
100 1 100 1
100 1 100 1
100 1 100 1

```
Error: Line 1: Got '101', Expected '10000000'

### Your Task
Fix the C++ code to pass ALL test cases (including hidden ones).

### Critical Guidelines
1. Focus on algorithmic correctness - NO hard-coded values or special cases
2. Ensure proper data structures and complexity (aim for O(N log N) or better when possible)
3. Handle edge cases (empty input, single elements, max constraints)
4. Use standard C++20 features; avoid non-portable code

### Output Format
Provide ONLY the complete fixed C++ code in a single ```cpp block.
