249961726
1959115060
1381485
124286
4953528
80280
480
73370
9404413788
55916
2063236
12598057890
880785
1544119850
925808
860
2
5231648
12213200
29074
4308525
272
627
1323504
38703097
31
2
339
1
6624500
11154
46165766292
455542290
770
340548
4354
568
2061281082
12548800
192
783624
16
62446644
3804550720
941125
1637664
1831568
40
4559445
192
6045560
904
819429784
1073538
1582
1
1815
30426
4183272
2428
132405
9282
1751156
13936
177985
214044
840
5328
261
264818970
180
263403
3528
8055678
5481361776
64045685
35680
700
23725
247
9539468441
3400450
13122
342886
4240
8743648
1428
2
32163
8407666
58804
62550759
8257850
190
36269055
60
53250400
759348
409480
60
94860
8166600
997117520
60379
129168
41
819215847
558412
324600
32230
2081802450
236042910
1764378945
151952
1892
2184
10330
106947
3638580
25191593
7
987918
91516
3849984
75
757945683
6843
1820
37273627
3104
200760
925803
782772
14601
230595
4735649
1777860
798930
243
183956664
146309574
11123920
1833318
14450
2835
15120
61568
68607
952
2112461576
323
4110
252476
37228
48912
248
5264544
25158
21
45471384
2285764104
2994303208
4082484
85136804
119
95762344
7399
132164
3310
31537
26037800
1456686
1944
22821
9392771
24
8590110
238
92468
21
6
470
968
3718836913
1601964
1246130754
6353890560
17548
55
199800
6205980
5011215
268
375
1
82368
227048
285
40470462920
31797
1142622
105636
2805
2
3830176
4
6044
3
5026
27838
3
103161
16833
3950652
1208926
1030260
1348674
11
12825
204672
24660
15890
2640944570
44322
11
494
4704
375437160
360230
214635
10234
120028
3977350
670280
1880
862640
168
1
263044320
21843934
18992919
3633602
727
36
1441906860
608823
17157616
600609456
86673768
16490558260
155
13748247306
1429463965
1449622
8548608
324366
31977
6254
465192
20876670
406294
18
229827
469170522
347155636
931446
2550
16
409084848
4950
54207
11095855
394600
34887168384
144048
6
307720
1960
428
13843004
1890
16
88882398
11072100
91730939904
258696
662130012
16484
112
4774
211
17979880
4084096
20373913062
457080
8856
741478
602
25518460
17583
23348
1696
4626076
944
26622456225
966322
302756936
337972690
16803448
23556
3156
1320
3283134
66111
2249586696
13784
8446284
26616
2545
22256
121513
10426
1854797408
5376590208
788540
4
3510
1422
38474154
226380
12
38160
357821256
2379
1153161
6489207465
12
51
11
318
25648
28
1548098
1721710
12454650
1352287
3512568
63752
1392
13887942
102621376
67731864
3878728084
1
93993
518580
217437
430
17565684
8262
1739
106
348852
284968
613752953
1054
19679
62715024
42872
116877
3786
66269
113339
4506889
540
1043936
4694040
1810
47702
6266272
5443
4539
2
14600705
590811
71840
113894
36
4905
72
1884557877
3211
8619246
409670
36772
44550
30805
65156
187
1362
1468500
297127
189702720
53920
13224321
7187102
610
19497242
323840
677
4
4377785
3409
1014
19
1040368
25
307824
469364776
6
1066107
677424
102
10139294
1542
1236
154
7
15120
687660
15
46121
57630
81947
60242
34144
6288
6315969
5712
3
750
58732
19219132
10428
147016
4044
120246
2015607
25915854
17701635
20575726
618311053
969720
3700080
10018326
405392
10496
187788
15003
7
36
407094
2973221024
156366
2615008
1596
587
6792
346583524
103632
175
254358
2079
425586
248364
144585520
398750310
5105800
5522
3
54378
2061828
709973
78
6770
129388
258296
269360
3126
29
41558336
54194589
222432
5133350
515942728
46320
649
9336
34549
14973
55245840
26
144
8200
49323384
1750
149009710
573950
48936
1205664
4
889902
28698162
672
620776
529
99684
14707
3532738820
111
2418832
184072
313209
15132
1836
2
366639
4
115918750
108508
1068
71835
2531676600
4641
12
1
472530747
65004770
244702714
165
60224710
129450
42400
21014
143203200
4060
294855
228496
606000
4
7300
544
12313
1042176
3500
31344
10
3514896
32148930
53641
1280
47726
22385
1215071
8196352
135
7650
27853380
3475092
85739
12034944
12773
852223
119004
21154
2744
8206
115248178
2772029
672
46020
4232538
228403
1928
1676304
1
5693409429
40950
2312
740
96698
539748
23476508
2442
67151
52734
112
19453512
14098941
3450
4968
546560
74476
36981
1970
762
1812631
11660
71790
90260800
3234
1628090
549704288
18047817
1032600
1549881909
16400
2020
18247652
4
6864
247
13706
1192487
3683700
109861406
179149488
2356941168
1
54498912
5735320
159180
17273
39366
6318
60
3771
2278964072
246260
106502
262856
2503798
3984
12
32565
19915443
710
700
35
11536
69519
33396
171892
29815
73465821
504
8
361774
4185709
22689
11935
271
62360574
20357520
4702000286
15636195
4962096
1690905700
2100892872
2315
247783
133712546
705
310
292134
1
1196
26683146
2135683
2188830
14691
33329705
344197
11
44
217
42
9
96600
160653189
2433908440
9367
272034
189
2306
1958670
798
5914335
1426
53404
134502957
1770
3036
210
21896
701044850
12988
278993
23860200
1064
18207
9035880
3956940
3422
180
18
9576
5593
70153
114580
219
5657025
215
1710660
138600
2387793380
250025
1612
533439549
14483648200
4053404
7
8
6960
279444
69312
6009005037
469712
1
197340
33547351
6
5780495
7758712
2277354
2450990
364
17
4002
6310
8055960
728450
168
5847787
30015
852
4190634
11244
17854000
17955
1095600
6
47592
462
420205
545356
8549
41990
292
46
63
22184
1452568
27729
382690
18567482
18
1954
1908540
7689497199
2738
30206315672
840
477176
56
13695
46
2217112875
28616600
392
10491
47906224
183148
708721488
2355850
5126955
53505
1010594070
328372
29440
385760
13010
51410
1
9383814
2223133464
370598
11046448
2082588713
2
18911088
1325712
138
1444300
14544
268544472
4
662744618
87296
3564
1700
1675940
972296
1524798
21150
85878295
25399137468
432334
351324
64177402
210
3364632
82175
1232
6
10536
860528240
150
529254
227171140
35665
132
261234
438696
459750
20
16227120
1454355
23422
16099183
6954875473
3236961
13878425600
6
509046
28
3123456
258664
2541
40321164422
1992468
26300
14184
53262
3
3225387
105624432
774
79
9574086
106812
230
32640
230044
123422
56
57078
752556
182
35920
3240
763500
55515
279920844
12
522150
2118708
100386
26130
3920
144
443744
115101
780808
18111500
20304
132671
26000
4725
118995
176712760
8421
668967
454491
7
75635
6
78344
136648
681428
24777975
33288
1
957
276
43134
706237
15660
416904192
993192
2934
12409451522
12790366
561048
128519175
33604512
304065
36269694
5909
40645
1
11809764
14
1056027
25888140
107298975
860
26633475
93672
12306
102704
50875544
188361
29396556
748129500
556392
2380
328774
24
33063
14224730
1638483
378
25774655
1360
15136
237850
9312
29565
93568068
164
29564423744
28939
184
21182550
51018
23
200070
374220
44
1453956
3409
225327312
14483080
90275
368753
423
827920
81448
1839
19011
667096584
160
213665431
56520
5953392
477802
50267
669645
16
48179835
362500413
29529
414868
3943226400
104321920
144
1977850
231
15417610
105
69316
682
75
7846210
3470302536
84591000
1026228
56952
1091
952
947831430
214
20452822
11518
9
1276
178825
180332208
6464060
7
98647773210
9162167
13
160015646568
1656
1
298008
1297738
12846870
228652032
5422578
129464
8224
110748
28032837
1094142
33711942
274253
1106784
126
28
2565535
16226
44836
5873010
964982
9180270
26723584
178524
162357
3388
22821388
3826144
26002432
180402
186473
20439
24504
139764286
3853500
79712
28210
497502
174
2590
2
48239898
80073
1970191872
120006
7720
666
2649
79147
43314354720
21833050
1018808
7281
597042
320667
68162
97925271
938412861
5
6044
115698944
49604555
2255066
196
546693294
1852416
1779673
793944
82920220
3304
51
137736627
24
821304
18706044
5662930
412
133452
34275
228525
24128
2206490
200888
4416
848965
168066
3784
2883
170818
6
120152073
4280
470
52812
43825
319936
54
13893672
63328246093
10769187
1657900
46517745150
3724877
1488560
612265269
128820
155014
11921300
8779944
93076
306
411364668
5011136
1092436
291
855414
1220
77726
383640
14563095840
1323
1541190
556416
3725775
3629
622748
170730000
2039121656
31568
67424830
1458
4874121
54820
65618000
93
2
1332
45160978
7161
13767381
540640762
82120
3
39510540
10046
604891833
394400
38
756616
8
3608
31
15015
1940
246030
32490038
1025423
1737
474
8
68768
5
24990
67681140
237
410352
132715355210
20027393
17746513
394403
16676604
1712
27
158912679
21
58
6072990
40092
1146366
33
588
12054
32
910322
24453
1995
94035
938600
183213030
23192
8910
301074
29146572
2097708
9420
24320
883995
2867628
369330
4698111
3952294
15366
32358
3392044
188
12735
95756
45541260
101609
759046
119054400
82590468
3
