### Problem Description
Score : 475 points

### Problem Statement

You are given sequences of length N: A = (A\_1, A\_2, \dots, A\_N) and B = (B\_1, B\_2, \dots, B\_N).  
Let S be a subset of \lbrace1, 2, \dots, N\rbrace of size K.
Here, find the minimum possible value of the following expression:

\displaystyle \left(\max\_{i \in S} A\_i\right) \times \left(\sum\_{i \in S} B\_i\right).

You are given T test cases; solve each of them.

### Constraints

* 1 \leq T \leq 2 \times 10^5
* 1 \leq K \leq N \leq 2 \times 10^5
* 1 \leq A\_i, B\_i \leq 10^6
* The sum of N over all test cases is at most 2 \times 10^5.
* All input values are integers.

---

### Input

The input is given from Standard Input in the following format. Here, \mathrm{case}\_i denotes the i-th test case.

```
T
\mathrm{case}_1
\mathrm{case}_2
\vdots
\mathrm{case}_T

```

Each test case is given in the following format:

```
N K
A_1 A_2 \dots A_N
B_1 B_2 \dots B_N

```

### Output

Print T lines. The i-th line should contain the answer for the i-th test case.

---

### Your Incorrect Code
```cpp
#include<bits/stdc++.h>
using namespace std;

using ll = long long;
const int INF = 1e9 + 10;
const ll inf = 1LL<<60;

void solve() {
  int n, k; cin >> n >> k;
  vector<pair<ll, ll>> ab(n);
  for (int i=0; i<n; i++) cin >> ab[i].first;
  for (int i=0; i<n; i++) cin >> ab[i].second;
  sort(ab.begin(), ab.end());
  if (k == 1) {
    ll ans = inf;
    for (int i=0; i<n; i++) {
      ans = min(ans, ab[i].first * ab[i].second);
      cout << ans << '\n';
      return;
    }
  }
  priority_queue<ll> q;
  ll sum = 0;
  for (int i=0; i<k-1; i++) {
    q.push(ab[i].second);
    sum += ab[i].second;
  }
  ll ans = inf;
  for (int i=k-1; i<n; i++) {
    auto [a, b] = ab[i];
    ans = min(ans, (sum + b) * a);
    if (q.top() > b) {
      sum -= q.top();
      sum += b;
      q.pop();
      q.push(b);
    }
  }
  cout << ans << '\n';
}

int main() {
  ios::sync_with_stdio(false);
  std::cin.tie(nullptr);
  int t = 1;  cin >> t;
  while (t--) solve();
}
```

### Failing Case #1
Input:
```
100000
2 1
2962 1487
388685 168098
2 1
262116 169415
8363 11564
2 1
39471 238973
35 9
2 2
1 1
106318 17968
2 2
51 14
51649 45479
2 1
482844 80280
2 1
2 2
1 1
449 31
2 1
729 506
440 145
2 1
47334 186153
198682 257641
2 1
14 53
3994 3957
2 1
147374 197774
14 1
2 2
99270 34605
29750 97157
2 1
103 69
10087 12765
2 2
2905 31850
17578 30903
2 1
129847 57863
24 16
2 1
4 4
341 215
2 1
1 12
2 1
2 2
272 41
15943 3291
2 2
533 1607
5810 1790
2 2
2 2
6674 7863
2 1
349272 287235
29 15
2 1
109 68
2 4
2 1
3 5
209 117
2 1
3939 26422
336 41
2 1
5917 10654
6541 6708
2 1
908 31
1 1
2 1
3 2
1 1
2 1
1 1
339 709
2 1
1 1
1 1
2 2
250 226
13218 13280
2 1
7099 286
31 39
2 2
182079 41878
216716 36832
2 1
15586 2166
255305 210315
2 1
1 1
770 923
2 2
1838 1924
86 91
2 1
622 1589
7 3
2 1
1 4
568 121
2 1
267213 415393
7714 1112
2 2
6820 3588
1020 820
2 2
1 16
1 11
2 1
383 103
360 7608
2 2
4 2
3 1
2 2
73814 61801
27 819
2 1
121699 56720
51443 67076
2 2
5 5
72562 115663
2 2
57485 116976
11 3
2 1
16 28
114473 14211
2 2
1 20
1 1
2 2
11 7
358502 55993
2 2
1 48
2 2
2 2
6 10
416452 188104
2 2
8 7
105 8
2 1
247760 105244
5660 7786
2 1
1387 1797
774 553
2 2
1 2
440 351
2 1
1 29
1 3
2 1
1815 3980
1 1
2 1
10142 30567
3 693
2 2
464808 40304
8 1
2 1
901 607
4 4
2 1
39 69
3395 748
2 1
5 3
1105 3094
2 1
159196 167143
11 32
2 1
1742 6161
8 38
2 1
5 5
40434 35597
2 2
59338 107022
1 1
2 2
339 420
1 1
2 1
722 666
16 8
2 2
1 1
233 28
2 2
746 1245
123125 89581
2 2
11 15
4 8
2 1
263403 324818
1 1
2 1
6 15
588 1099
2 1
201 226
40078 40489
2 2
22992 7628
127136 111267
2 2
69 115
196694 360225
2 2
3482 7136
4 1
2 1
2 4
350 70
2 1
1841 325
164 73
2 1
371 247
1 1
2 1
370633 82721
118177 115321
2 1
6717 1447
3678 2350
2 2
1458 355
7 2
2 2
346 323
581 410
2 2
18 40
64 42
2 2
9844 14381
369 239
2 2
11 14
94 8
2 1
1 1
2 7
2 1
10721 22354
3 3
2 1
10589 65084
794 262
2 1
964 1605
61 58
2 2
393401 368449
151 8
2 1
196007 165157
13 50
2 1
38 38
5 7
2 2
499 7235
2945 2068
2 1
43 4
9 15
2 2
1295 1178
11618 29502
2 2
63956 126558
2 4
2 1
23607 20474
10 20
2 2
26 30
1 1
2 1
16070 1054
205 90
2 2
120 50
2847 65208
2 1
65086 133625
15320 8023
2 2
121 65
120 379
2 2
432 240
186 113
2 2
1 1
4 37
2 1
25329 27094
32343 67339
2 2
2038 424
197 77
2 1
40 187
8115 3362
2 1
1 2
32230 35757
2 2
165775 83307
7038 5520
2 2
1103 3483
59443 8327
2 1
40140 19215
24091 91823
2 2
9497 9138
8 8
2 1
13 4
381 473
2 1
114 84
1 26
2 1
5 9
2066 4070
2 1
62 17
11139 6291
2 1
74 78
49170 25948
2 2
83693 30047
96 205
2 1
1 1
7 8
2 2
493959 484049
1 1
2 2
4 2
11714 11165
2 2
35648 27804
95 13
2 1
25 45
3 7
2 2
807 1947
220493 168796
2 1
2281 5391
3 10
2 2
20 6
3 88
2 2
227 132
71251 92950
2 1
14 2
688 1552
2 2
35 30
267 5469
2 2
21 2017
262 197
2 2
4 3
154442 41251
2 2
471 288
30 1
2 1
91411 46119
36 5
2 2
1151 3361
612 797
2 2
1857 10458
133 37
2 1
7337 6
75178 133155
2 1
9 189
27 56
2 2
5014 8157
421 22131
2 1
16854 79403
8681 29720
2 2
2636 62
3187 1033
2 2
358 119
4169 952
2 1
122 34
59 425
2 1
3 7
945 822
2 2
240 38
44 19
2 1
6944 3848
32 16
2 2
81 63
697 150
2 1
119 127
8 5
2 2
3704 3094
251652 318667
2 1
1 53
323 1861
2 2
30 20
15 122
2 1
1988 15375
127 1892
2 1
47321 37228
1 1
2 2
8152 3153
3 3
2 2
4 1
18 44
2 2
1891 1719
2022 762
2 1
3 2
27259 12579
2 2
7 4
2 1
2 2
78264 14004
147 434
2 2
46144 56211
7169 33495
2 2
27794 1076
50176 57556
2 2
138 262
8981 6601
2 1
402279 375052
104 227
2 2
2 17
4 3
2 2
28433 6986
3216 152
2 2
6 7
972 85
2 2
2 4
18124 14917
2 2
1655 1518
1 1
2 2
1 1
2099 29438
2 2
64450 57428
115 289
2 1
3153 12870
462 369
2 1
1944 4481
1 7
2 2
2 3
3777 3830
2 1
137552 20113
713 467
2 2
6 3
2 2
2 1
33295 78282
258 19517
2 2
119 113
1 1
2 2
1 1
55607 36861
2 1
899 7
2 3
2 1
4 3
2 2
2 2
235 135
1 1
2 2
48 88
4 7
2 2
465029 300671
4068 3929
2 2
326 185
1111 3803
2 2
28307 26602
18344 25678
2 2
468576 56258
37 13523
2 1
82 148
214 196
2 2
4 5
3 8
2 1
4 4
49950 61005
2 2
11 5
314229 249951
2 1
232333 30371
480 165
2 1
1 1
399 268
2 2
5 3
52 23
2 1
19 1
1 1
2 1
58 33
923 2496
2 2
65925 113524
1 1
2 1
5 8
57 39
2 2
268871 252156
6488 144032
2 1
31797 236442
1 8
2 2
63479 55260
16 2
2 2
52818 8039
1 1
2 2
23 255
4 7
2 1
2 4
1 2
2 2
239386 181538
7 9
2 2
2 2
1 1
2 1
2 2
3022 83977
2 1
1 3
3 4
2 2
1 1
2812 2214
2 1
2 1
26286 27838
2 2
1 1
1 2
2 1
103161 207070
1 1
2 1
4 3
7832 5611
2 2
11 12
116680 212541
2 1
41 226
29486 22390
2 2
51513 1673
10 10
2 2
709 1011
259 1075
2 1
17 11
2 1
2 2
99 135
61 34
2 1
4174 3198
46 64
2 1
13 12
3557 2055
2 1
2025 227
529 70
2 1
313056 243742
165 10835
2 1
249 263
178 162
2 1
11 15
1 1
2 2
1 26
13 6
2 1
1176 19275
4 4
2 2
223 5622
16621 50159
2 1
59 2
333687 180115
2 2
88 123
1127 618
2 1
301 864
34 66
2 1
3 1
8039 120028
2 2
5486 945
401 324
2 2
22554 51560
9 4
2 1
2 6
940 600
2 1
41 49
21040 14008
2 2
24 2
4 3
2 1
1 2
1 1
2 2
5208 5808
31915 13375
2 2
130802 47546
94 73
2 2
1316 2761
4406 2473
2 1
14 37
259543 75187
2 2
1 1
294 433
2 2
4 4
1 8
2 1
15826 21751
91110 101322
2 1
22549 139245
27 51
2 2
91 112
98522 54671
2 2
1887 1135
104525 213763
2 1
3874 2402
3311 36084
2 1
237077 69245
23824 238148
2 1
155 265
1 1
2 2
139490 154786
65422 23399
2 2
3499 2858
114583 293952
2 2
2 206
1742 5295
2 2
11063 22262
106 278
2 2
1994 15446
18 3
2 2
1881 1801
15 2
2 1
2 1
3711 6254
2 2
11076 657
29 13
2 1
102413 77321
192 270
2 1
15 7
19996 58042
2 1
9 64
2 1
2 2
43 249
207 716
2 2
901 479
355996 164726
2 1
2167 1382
429760 251198
2 1
4918 3303
772 282
2 1
85 128
30 14
2 2
4 4
2 2
2 1
10046 9648
172568 42401
2 2
2 50
7 92
2 1
6777 2853
7 19
2 2
83 57
82932 50753
2 2
197300 116656
1 1
2 2
251166 393024
46711 42055
2 2
20 48
1015 1986
2 1
1 1
16 6
2 1
7 22
43960 47148
2 2
227 490
2 2
2 2
117 214
1 1
2 2
938 270
7685 7073
2 2
5 10
128 61
2 2
1 1
11 5
2 1
732 593
157109 149886
2 2
510 131
11943 9767
2 1
410922 442839
223232 59485
2 1
375742 3593
142 72
2 2
46368 89756
4943 2434
2 1
3159 634
221 26
2 2
5 56
1 1
2 1
84 62
114 77
2 2
1 1
126 85
2 1
21095 7720
27648 2329
2 2
16 16
113072 142184
2 2
200007 178445
12629 89237
2 2
586 217
422 358
2 2
12 3
266 472
2 1
5932 2143
497 346
2 1
7 2
868 301
2 1
292 110
143564 231986
2 2
3 3
2717 3144
2 1
1 2
23348 53022
2 2
2 2
355 493
2 1
7957 6461
342 716
2 2
4 4
168 68
2 2
15461 25775
523845 509034
2 1
491381 69023
5 14
2 2
5059 6268
16897 31405
2 2
946 237
192851 164414
2 1
454 848
37012 173886
2 2
11778 7539
1 1
2 2
1 4
700 89
2 1
1952 1320
2 1
2 2
44957 49002
31 36
2 2
1202 22037
2 1
2 2
28852 44632
18243 32160
2 2
3276 3446
1 3
2 1
15935 10164
1279 831
2 1
1 1
26616 65233
2 1
8 5
987 509
2 1
6 2
7737 11128
2 1
2 1
91694 121513
2 2
1 1
2887 7539
2 2
15944 3944
58683 57649
2 2
120384 305
28085 16577
2 2
20 12
27203 12224
2 1
5 4
2 1
2 2
585 46
3 3
2 2
2 6
18 219
2 2
1939 2818
10536 3117
2 1
15 23
15092 10389
2 1
16 4
7 3
2 1
2385 3604
16 98
2 2
14481 43446
5279 2957
2 1
3 3
793 1472
2 2
128129 71679
5 4
2 2
1383 28405
123949 104504
2 1
12 23
1 1
2 1
17 1000
3 1
2 2
1 1
8 3
2 1
7 6
35 53
2 1
33 14
695 1832
2 1
7 15
4 4
2 2
4946 599
79 234
2 1
172171 243723
10 34
2 1
249093 387494
50 62
2 2
80 103
4209 8920
2 1
92436 123584
38 22
2 1
13 30
4904 31576
2 2
6 8
13 161
2 2
24537 22389
420 146
2 1
492066 179408
833 572
2 2
41784 13015
880 741
2 2
195461 165482
8957 10887
2 1
1 1
1 3
2 1
97 316
969 349
2 2
11524 8991
22 23
2 2
19767 12602
3 8
2 1
10 53
43 239
2 1
58648 55238
187 318
2 1
162 2552
51 24
2 1
1 2
1739 795
2 2
1 2
48 5
2 2
84 73
34 4119
2 1
941 358
222 796
2 2
19231 127679
4669 138
2 1
20 17
32 62
2 1
11 61
1789 413
2 1
17154 26646
3656 1736
2 2
4 4
44 10674
2 1
1 1
195603 116877
2 1
52 2
857 1893
2 1
95 1
77427 66269
2 1
59 91
1921 988
2 1
182126 67267
71 67
2 2
2 2
166 104
2 2
204 272
3510 328
2 2
9 4
303793 217767
2 1
905 61270
2 4
2 1
7761 2074
22 23
2 1
574 118
19454 53104
2 1
1 1
5443 16107
2 1
9105 4539
2 1
2 1
2 6
1 1
2 2
680 901
14829 1376
2 2
1 1
385182 205629
2 1
20 29
3592 2674
2 2
62 3
1744 93
2 1
6 8
6 1
2 2
545 397
2 7
2 2
9 6
4 4
2 2
91746 345727
3330 2121
2 1
239 169
113 19
2 1
208 206
57632 41841
2 1
196 71
2071 5770
2 2
2 1
3842 14544
2 1
495 938
90 1888
2 1
2 1
60007 30805
2 2
32578 25649
1 1
2 1
1 1
187 417
2 1
58 6
338 227
2 2
825 741
623 1157
2 1
7369 7247
20 41
2 2
29037 29790
2834 3534
2 2
80 67
604 70
2 2
37 1023
6222 6705
2 1
204 62
127661 115921
2 1
5 8
122 113
2 1
499 263
18429 74134
2 1
14080 15748
23 10
2 1
677 1482
1 1
2 2
1 1
2 2
2 2
395 123
10204 879
2 1
7 7
531 487
2 2
3 3
108 230
2 1
1 2
19 22
2 2
106183 148624
4 3
2 1
15 5
14 5
2 1
98 24
25410 12826
2 2
30776 16182
11832 3419
2 2
3 3
1 1
2 1
50767 96246
21 31
2 1
7698 28637
88 74
2 2
51 41
1 1
2 2
15269 29734
279 62
2 2
2 2
727 44
2 2
1 3
220 192
2 2
77 14
1 1
2 2
1 1
3 4
2 1
572 105
155 144
2 2
30366 45844
7 8
2 2
2 5
2 1
2 2
2002 2713
5 12
2 2
14 339
27 143
2 2
1389 4313
8 11
2 2
30121 24112
1 1
2 2
176 104
122 72
2 2
1393 2096
1 2
2 2
473 371
5246 8107
2 2
4 8
384 330
2 1
7 3
1 1
2 1
4 3
147 250
2 1
29366 112085
2 6
2 1
8378 55495
2294 12176
2 1
2607 3299
4 2
2 1
799 2061
184 359
2 2
1 3
99 1249
2 2
7 7
12792 4386
2 1
309 970
6523 2549
2 2
105349 89782
224 22
2 2
5415 4163
222 3047
2 2
513 718
14084 14573
2 1
60599 52573
23766 11761
2 1
5 63
193944 27546
2 2
35 45
38171 44053
2 2
14430 15342
113 540
2 1
13 27
31184 31407
2 2
126 128
34 48
2 1
16 1
23284 187788
2 2
1667 882
6 3
2 1
2 1
5 7
2 1
32 4
4 9
2 1
203547 239501
2 4
2 2
2627 7639
217877 171339
2 1
714 983
219 115
2 1
20 11
168397 237728
2 2
798 751
1 1
2 1
587 728
1 1
2 1
8101 6792
1 1
2 2
1075 1396
189168 59101
2 2
1 1
37257 66375
2 2
1 1
54 121
2 2
19566 5494
8 5
2 1
31 27
491 77
2 2
7 6
48485 12313
2 2
18 13
2551 11247
2 2
23938 12766
3012 3028
2 1
2898 27416
137595 70909
2 1
104200 122631
49 7
2 1
11 14
502 168
2 1
8 3
1 1
2 1
3021 3597
18 14
2 2
342 459
1495 2997
2 2
177 473
952 549
2 1
133 26
8 3
2 2
5 3
593 761
2 2
2 2
21837 42857
2 2
129148 17619
1 1
2 1
70 73
3848 4641
2 2
2 2
674 889
2 1
1 5
29 4
2 2
272 147
117764 35024
2 1
166025 118071
722 459
2 1
672 3216
331 224
2 2
22 25
110816 94518
2 1
225744 156157
995 3304
2 1
13565 11580
4 4
2 1
649 947
1 1
2 1
921 4
2239 2334
2 2
1 1
17400 17149
2 1
7 15
2139 2727
2 2
390 99
59827 81829
2 2
13 4
1 1
2 2
48 37
1 2
2 1
20 453
410 148
2 1
308641 186831
246 264
2 2
65 175
8 2
2 2
123 226
324600 334735
2 1
4415 12300
130 707
2 1
6117 6885
8 178
2 2
99 114
2437 8139
2 2
1 2
1 1
2 2
7606 5703
54 63
2 2
117289 129271
170 52
2 2
4 1
122 46
2 1
26 41
23876 81237
2 2
23 18
2 21
2 2
13 39
1478 1078
2 1
31878 2101
8 7
2 2
131310 181772
8549 10886
2 1
3 3
60 37
2 1
42414 1508
2241 1604
2 2
2267 4844
9 29
2 2
1 1
196481 116728
2 2
388 264
34 5
2 2
25 27
47 21
2 1
10 2
2 1
2 1
11936 357
22705 1027
2 1
4 2
4 2
2 2
1250 3
24320 68415
2 1
1 1
120386 108508
2 1
20 12
511 89
2 1
71835 415934
1 1
2 2
4909 7740
38831 288259
2 1
51 60
91 67
2 1
6 16
2 1
2 1
1 2
1 1
2 2
1261 124
239162 135565
2 2
196 415
130394 26244
2 1
111469 38774
31830 6311
2 2
55 16
1 2
2 1
14885 240367
4046 4951
2 1
2 8
64725 26261
2 2
848 840
32 18
2 1
1501 2704
14 12
2 2
17384 25572
4013 1587
2 2
5 5
425 387
2 1
55 470
5361 6248
2 1
233551 114248
2 2
2 1
469 404
2423 1500
2 1
2 9
2 2
2 1
3650 6301
2 10
2 2
17 1
12 20
2 1
1 1
15964 12313
2 2
96282 260544
2 2
2 1
7 15
500 781
2 1
24 228
1306 946
2 1
9 5
2 2
2 2
46552 219681
13 3
2 2
15798 9560
835 1200
2 1
679 5898
79 807
2 2
2 2
440 200
2 2
487 142
76 22
2 2
23 605
23 14
2 1
57 11
30822 110461
2 1
634 6376
12928 1868
2 2
15 2
3 6
2 2
670 2550
2 1
2 1
18986 2284
23092 12195
2 2
146 34
23556 246
2 2
6 83
683 350
2 2
8088 1108
300 1188
2 2
241 30
26 27
2 1
29 56
29387 124539
2 1
42470 19834
8 6
2 2
1064 1511
13 1
2 1
3845 2744
1 1
2 2
746 62
8 3
2 2
526 295
122023 97080
2 1
2018 1651
1375 1679
2 1
105 84
8 8
2 1
13 10
7848 4602
2 2
5003 4944
348 498
2 1
15 7
28379 32629
2 1
2246 241
3 8
2 2
42 22
31880 8032
2 1
2 1
4 1
2 1
104581 102901
461508 55329
2 1
3 4
13650 15011
2 1
2312 2811
1 1
2 1
1 2
740 755
2 2
2 1
13165 35184
2 1
179916 180529
3 191
2 2
1426 3212
6952 357
2 1
3604 2442
1 1
2 2
53 5
835 432
2 1
1744 1551
31 34
2 1
27 7
29 16
2 1
88 78
181275 249404
2 2
323850 522183
11 16
2 1
2 4
1725 65
2 1
8 6
502 828
2 1
2804 448
213 1220
2 1
1732 1829
43 7
2 2
5283 1008
5 2
2 2
871 985
1 1
2 1
127 161
6 6
2 1
439 992
4129 14801
2 2
220 165
24 29
2 1
71790 158436
1 9
2 1
224 3795
402950 422990
2 1
147 869
22 1
2 1
111989 47885
58 34
2 2
11812 14216
26905 11763
2 2
2334 3123
3935 1844
2 2
258 600
849 872
2 2
163197 28259
5109 4388
2 2
489 1025
14 2
2 2
101 505
2 2
2 1
2782 1532
3031 11911
2 2
2 2
1 1
2 2
132 21
29 23
2 1
247 846
1 1
2 1
25 14
128 979
2 1
1567 17133
761 759
2 1
51 12
329786 306975
2 1
16850 14939
4044 7354
2 1
2220 354
285467 506072
2 2
259 12332
105038 86086
2 1
1 1
1 1
2 1
258984 43669
3885 1248
2 2
173 508
4444 6846
2 2
5685 4658
2 26
2 2
23 5
384 367
2 2
63 486
11 70
2 1
234 244
27 426
2 2
5 10
2 4
2 2
269 419
6 3
2 2
2644 1431
483680 378258
2 2
14 3
9536 8054
2 2
103 40
1005 29
2 2
88 1
2006 981
2 2
227618 44205
6 5
2 2
2 2
1005 987
2 1
21 6
1 2
2 2
195 182
58 109
2 1
3221 3538
6183 6662
2 1
5 19
142 279
2 1
10 33
70 310
2 1
32 5
8 7
2 1
11536 20825
1 2
2 2
23173 4145
1 2
2 2
121 65
74 202
2 2
1754 333
35 63
2 2
46 89
224 111
2 2
57083 39168
419 868
2 1
1 1
504 2023
2 2
1 4
1 1
2 2
51682 44503
4 3
2 1
502047 380519
13 11
2 1
4032 2521
6 9
2 1
55 2564
217 30
2 1
271 1791
1 1
2 2
1127 3126
11338 8611
2 2
1776 2710
3487 4025
2 1
73517 121752
63958 63946
2 1
151 141
45985 110895
2 1
14314 12162
345 408
2 1
35648 17270
109771 97910
2 1
166764 206446
12598 2343
2 2
463 284
3 2
2 1
327 31
11441 7993
2 1
751 1385
178046 205871
2 2
5 4
64 77
2 2
53 62
1 4
2 1
839 362
7870 807
2 1
1 1
1 1
2 2
52 8
12 11
2 1
181518 211244
147 36
2 1
12304 6263
713 341
2 2
8 42
20095 32020
2 1
3 12
4897 6037
2 1
415 95
511088 350839
2 2
1 1
120277 223920
2 1
11 64
1 1
2 1
4 1
220 44
2 2
7 5
28 3
2 2
21 5
1 1
2 1
9 16
1 1
2 1
14708 4600
54 21
2 2
6588 12179
10388 2803
2 1
86690 130655
28076 28293
2 2
19 29
200 123
2 2
1143 923
115 123
2 1
30 21
51 9
2 2
1 2
957 196
2 1
354 70
2817 27981
2 2
399 136
1 1
2 1
63595 176813
93 198
2 2
46 21
16 15
2 2
4 1
3460 9891
2 2
261 260
276209 239128
2 2
113 295
4 2
2 1
32 12
1809 253
2 1
210 486
1 1
2 1
391 736
56 26
2 1
3054 1550
92214 452287
2 1
61 34
1108 382
2 1
13 20
21461 3378
2 1
3960 1400
30752 17043
2 1
48 19
61 56
2 1
21 58
867 395
2 1
3610 84
76109 107570
2 2
3204 2224
810 425
2 1
29 31
118 63
2 2
3 3
28 32
2 2
1 1
2 16
2 2
28 12
182 160
2 1
329 334
17 35
2 2
297 961
28 45
2 2
518 5729
14 6
2 1
1 1
219 451
2 1
24 15
336060 377135
2 2
15 43
1 4
2 2
2 7
156998 87382
2 1
2 1
154480 138600
2 2
7210 4060
99153 232025
2 2
25 19
2467 7534
2 1
51 13
228 124
2 2
1544 2351
111276 115623
2 2
2094 73220
122414 75396
2 1
533 257
27166 15772
2 1
7 26
1 1
2 1
1 4
8 5
2 2
2 8
191 679
2 1
20 1
104472 279444
2 1
6341 2888
18 24
2 2
34446 103189
43966 14267
2 2
572 1894
120 128
2 1
1 2
1 1
2 2
3 4
11924 37411
2 1
3156 1787
30718 18773
2 1
2 2
3 3
2 1
1585 4011
3647 3171
2 1
31798 45927
244 194
2 1
14034 9146
502 249
2 1
415 4037
5906 19953
2 1
15 7
26 52
2 1
1 1
31 17
2 1
1334 1847
3 9
2 1
2 4
3155 3227
2 2
2244 1198
1692 1898
2 1
50 285
14569 14532
2 2
2 1
34 50
2 2
5766 11311
297 220
2 1
1035 12857
29 16
2 2
4 6
114 28
2 2
1106 884
1748 2041
2 2
2811 87
2 2
2 2
567 3160
3751 1899
2 1
24 21
1297 855
2 1
45650 63231
24 17
2 1
1 2
6 6
2 2
3966 778
7 5
2 1
816 231
48 2
2 2
2711 1205
141 14
2 1
16 7
3149 77908
2 2
103 7
46 37
2 1
190 1305
221 72
2 2
1 1
149 143
2 1
2 1
64 46
2 1
81 63
3 1
2 1
143 94
1182 236
2 1
105179 27934
47 52
2 1
39 225
711 1085
2 1
23238 4970
2 77
2 2
58 28
254250 65879
2 1
18 30
1 1
2 1
1 1
1954 2802
2 2
690 308
1867 899
2 2
20982 447871
5547 11622
2 2
65 74
25 12
2 2
33839 28409
398620 494028
2 2
21 4
32 8
2 2
3 4
32915 86379
2 1
2 7
28 3
2 1
207999 13695
1 1
2 2
9 23
1 1
2 2
10806 106209
5751 15124
2 2
100 39
176865 109301
2 2
2 7
32 24
2 2
807 641
3 10
2 2
10232 1228
3725 957
2 2
28 22
5378 1163
2 1
31907 15696
89855 45153
2 1
6731 182984
350 4
2 1
1847 265
54379 19347
2 2
435 146
42 81
2 2
4645 4017
139912 77654
2 1
1198 374
320 878
2 1
10 99
2944 2865
2 2
32 1
10558 1497
2 1
6505 8189
2 2
2 2
16691 25705
1 1
2 1
2 1
4 1
2 2
913 779
6231 4047
2 1
87432 126557
25427 21285
2 1
2 2
185299 224459
2 1
110244 1432
9634 7714
2 2
7372 9533
125876 92585
2 2
1 1
1 1
2 1
1314 7468
14392 9171
2 1
199525 82857
15 16
2 2
23 8
4 2
2 2
4133 7150
177 25
2 2
303 180
29 19
2 2
175749 70438
883 645
2 2
1 1
2 2
2 1
13136 11257
55749 58874
2 2
64 19
550 814
2 2
18 15
80 118
2 1
1700 3776
1 1
2 1
10 24
167594 234402
2 1
26 196
37396 4677
2 1
10202 2567
850 594
2 2
141 88
117 33
2 2
12190 31795
1575 1126
2 2
35769 230591
4831 105317
2 1
66 14
118422 30881
2 2
48065 117108
1 2
2 2
8822 10963
2286 3568
2 1
70 120
3 3
2 1
3368 6646
999 60
2 1
475 696
173 314
2 2
28 17
13 31
2 1
4 2
4 3
2 1
2 2
5268 8038
2 2
35729 51467
14989 1731
2 2
15 13
4 6
2 2
3 1
176327 91
2 2
7784 12026
4746 14144
2 2
2 7
3832 1263
2 1
13 12
3 11
2 2
2 2
65160 65457
2 1
18 33
24372 10687
2 1
5 3
84488 153250
2 2
3 4
1 4
2 1
64930 48295
1704 336
2 1
16543 4617
460 315
2 1
30051 23422
1 1
2 2
2 41
138405 254258
2 2
120413 502411
10061 3782
2 2
335 2769
466 703
2 2
186940 140893
2912 71328
2 2
1 1
4 2
2 2
8 222
451 1842
2 1
1 28
28 1943
2 2
9571 15936
51 145
2 2
4619 1624
8 48
2 1
2541 3203
1 1
2 2
126547 116929
129100 189526
2 1
9767 11370
204 185
2 1
1 1
38847 26300
2 1
3 2
2335 7092
2 1
2 7
26631 24275
2 1
1 1
3 3
2 2
25003 5677
92 37
2 1
1668 3627
63324 20285
2 2
2 6
55 74
2 1
1 7
79 213
2 2
53787 47893
91 87
2 1
4 3
447428 35604
2 2
10 23
2 8
2 2
1 3
4286 6594
2 1
6766 19812
34 195
2 1
61711 111726
2 1
2 1
29 4
11 14
2 2
26 1359
24 18
2 2
2546 6069
10 114
2 2
6 7
14 12
2 2
1796 646
6 14
2 1
20 35
162 5
2 1
152700 189354
5 10
2 1
1 1
55515 60854
2 1
61902 171569
4522 23259
2 1
12 29
1 1
2 1
52215 108469
10 5
2 1
229 250
9252 5749
2 1
1055 1014
144 99
2 1
16 3
16306 8710
2 1
1562 245
10 16
2 1
72 16
10 9
2 2
3515 9056
1 48
2 1
2349 2771
49 214
2 2
2674 1780
233 59
2 2
1780 274
3206 6969
2 1
27 2
19388 10152
2 2
1723 1547
34 43
2 2
23 125
114 94
2 2
15 12
203 112
2 1
39665 242719
3 24
2 2
42161 127960
413 968
2 1
11 7
1731 1203
2 1
12 3
259857 222989
2 1
509966 454491
1 1
2 1
2 1
9 7
2 2
1 1
25669 49966
2 2
1 3
1 1
2 1
4171 2798
22 28
2 1
116 160
1178 1276
2 2
3563 3644
29 158
2 1
82 75
92344 330373
2 1
1752 3257
19 7
2 1
1 1
1 1
2 1
3 4
319 480
2 1
69 835
4 6
2 2
14 13
2030 1051
2 1
2059 3020
343 322
2 2
6 12
614 691
2 2
30158 6475
749 13075
2 2
4 1
936 247362
2 1
32 3
647 978
2 2
10707 106873
5388 110726
2 1
370 142
2421 90073
2 1
97 101
5784 8659
2 1
1975 5234
65073 43136
2 1
24072 24573
1396 608
2 1
233 293
1305 880
2 2
4034 1555
1570 7421
2 1
1 12
5909 2255
2 1
135894 40645
4 1
2 1
1 2
1 1
2 2
9 10068
314 859
2 2
2 2
3 4
2 1
7 12
150861 339682
2 1
95882 108172
270 426
2 1
217597 22575
17141 4753
2 2
1 1
609 251
2 2
29249 32283
404 421
2 2
7806 5887
3 9
2 2
2 2
3507 2646
2 2
7 8
11754 1084
2 2
398 375
33395 94433
2 1
305235 188361
4 1
2 2
636 117
42048 4173
2 2
45847 203850
1957 1713
2 1
1164 2429
478 181
2 1
476 5465
5 8
2 2
2 2
38946 125441
2 1
30 6
3 4
2 1
321 612
103 14
2 1
461900 218842
34 65
2 2
234069 7861
3 4
2 2
27 42
8 1
2 1
35371 8017
634 3215
2 1
440 272
26 5
2 2
2 8
1739 153
2 1
3888 1675
197 142
2 2
1552 1345
3 3
2 2
78 81
91 274
2 2
924 1921
25772 22936
2 1
2 1
174 164
2 2
48208 24907
221574 391694
2 1
28939 41593
1 2
2 2
1 1
112 72
2 1
6953 1415
23818 14970
2 2
551 773
53 13
2 2
1 1
8 15
2 2
28 162
887 348
2 1
2970 3554
126 122
2 2
1 1
26 18
2 1
82645 34618
25 42
2 2
1 1
2034 1375
2 2
116208 49572
1258 681
2 2
16548 57020
146 108
2 2
18055 14833
2 3
2 1
88993 52679
29 7
2 1
371 141
8 3
2 2
13 16
28998 22747
2 2
2 1
10995 29729
2 2
2 3
583 30
2 1
8194 6337
7 3
2 2
4587 3578
99427 46005
2 2
27 40
2 2
2 2
12079 4525
7838 9851
2 1
31641 14130
4 4
2 1
44549 27562
501 216
2 1
1516 1081
88 442
2 1
50267 249602
1 1
2 2
69 47
6321 3384
2 1
4 12
4 4
2 2
64845 43217
369 374
2 2
326283 65522
326 785
2 2
579 169
32 19
2 2
24404 239
2 15
2 2
38040 10252
40004 63656
2 1
868 640
27936 163003
2 2
3 3
18 30
2 1
38 25
97853 79114
2 1
7 9
33 54
2 2
6617 6501
190 2140
2 1
156 35
15 3
2 1
806 987
86 191
2 1
11 45
62 62
2 1
3 4
25 85
2 2
51936 55255
50 92
2 2
125481 68315
2835 24821
2 1
8387 750
400233 112788
2 2
9002 119
61 53
2 2
166 168
165 174
2 1
1 1
1902 1091
2 2
25 68
5 9
2 1
123458 120666
169626 7855
2 1
490 214
1 1
2 2
7906 7141
1640 947
2 1
443 671
26 51
2 1
1 1
9 23
2 2
319 108
2 2
2 2
1376 1555
82 33
2 1
1302 2039
138504 101252
2 1
503454 157660
47 41
2 1
1 29
7 16
2 2
227451 45874
212616 221094
2 2
4 17
405896
```
Your Output:
```
249961726
1959115060
1381485
124286
4953528
80280
480
73370
9404413788
55916
2063236
12598057890
880785
1544119850
925808
860
2
5231648
12213200
29074
4308525
272
627
1323504
38703097
31
2
339
1
6624500
11154
46165766292
455542290
770
340548
4354
568
2061281082
12548800
192
783624
16
62446644
3804550720
941125
1637664
1831568
40
4559445
192
6045560
904
819429784
1073538
1582
1
1815
30426
4183272
2428
132405
9282
1751156
13936
177985
214044
840
5328
261
264818970
180
263403
3528
8055678
5481361776
64045685
35680
700
23725
247
9539468441
3400450
13122
342886
4240
8743648
1428
2
32163
8407666
58804
62550759
8257850
190
36269055
60
53250400
759348
409480
60
94860
8166600
997117520
60379
129168
41
819215847
558412
324600
32230
2081802450
236042910
1764378945
151952
1892
2184
10330
106947
3638580
25191593
7
987918
91516
3849984
75
757945683
6843
1820
37273627
3104
200760
925803
782772
14601
230595
4735649
1777860
798930
243
183956664
146309574
11123920
1833318
14450
2835
15120
61568
68607
952
2112461576
323
4110
252476
37228
48912
248
5264544
25158
21
45471384
2285764104
2994303208
4082484
85136804
119
95762344
7399
132164
3310
31537
26037800
1456686
1944
22821
9392771
24
8590110
238
92468
21
6
470
968
3718836913
1601964
1246130754
6353890560
17548
55
199800
6205980
5011215
268
375
1
82368
227048
285
40470462920
31797
1142622
105636
2805
2
3830176
4
6044
3
5026
27838
3
103161
16833
3950652
1208926
1030260
1348674
11
12825
204672
24660
15890
2640944570
44322
11
494
4704
375437160
360230
214635
10234
120028
3977350
670280
1880
862640
168
1
263044320
21843934
18992919
3633602
727
36
1441906860
608823
17157616
600609456
86673768
16490558260
155
13748247306
1429463965
1449622
8548608
324366
31977
6254
465192
20876670
406294
18
229827
469170522
347155636
931446
2550
16
409084848
4950
54207
11095855
394600
34887168384
144048
6
307720
1960
428
13843004
1890
16
88882398
11072100
91730939904
258696
662130012
16484
112
4774
211
17979880
4084096
20373913062
457080
8856
741478
602
25518460
17583
23348
1696
4626076
944
26622456225
966322
302756936
337972690
16803448
23556
3156
1320
3283134
66111
2249586696
13784
8446284
26616
2545
22256
121513
10426
1854797408
5376590208
788540
4
3510
1422
38474154
226380
12
38160
357821256
2379
1153161
6489207465
12
51
11
318
25648
28
1548098
1721710
12454650
1352287
3512568
63752
1392
13887942
102621376
67731864
3878728084
1
93993
518580
217437
430
17565684
8262
1739
106
348852
284968
613752953
1054
19679
62715024
42872
116877
3786
66269
113339
4506889
540
1043936
4694040
1810
47702
6266272
5443
4539
2
14600705
590811
71840
113894
36
4905
72
1884557877
3211
8619246
409670
36772
44550
30805
65156
187
1362
1468500
297127
189702720
53920
13224321
7187102
610
19497242
323840
677
4
4377785
3409
1014
19
1040368
25
307824
469364776
6
1066107
677424
102
10139294
1542
1236
154
7
15120
687660
15
46121
57630
81947
60242
34144
6288
6315969
5712
3
750
58732
19219132
10428
147016
4044
120246
2015607
25915854
17701635
20575726
618311053
969720
3700080
10018326
405392
10496
187788
15003
7
36
407094
2973221024
156366
2615008
1596
587
6792
346583524
103632
175
254358
2079
425586
248364
144585520
398750310
5105800
5522
3
54378
2061828
709973
78
6770
129388
258296
269360
3126
29
41558336
54194589
222432
5133350
515942728
46320
649
9336
34549
14973
55245840
26
144
8200
49323384
1750
149009710
573950
48936
1205664
4
889902
28698162
672
620776
529
99684
14707
3532738820
111
2418832
184072
313209
15132
1836
2
366639
4
115918750
108508
1068
71835
2531676600
4641
12
1
472530747
65004770
244702714
165
60224710
129450
42400
21014
143203200
4060
294855
228496
606000
4
7300
544
12313
1042176
3500
31344
10
3514896
32148930
53641
1280
47726
22385
1215071
8196352
135
7650
27853380
3475092
85739
12034944
12773
852223
119004
21154
2744
8206
115248178
2772029
672
46020
4232538
228403
1928
1676304
1
5693409429
40950
2312
740
96698
539748
23476508
2442
67151
52734
112
19453512
14098941
3450
4968
546560
74476
36981
1970
762
1812631
11660
71790
90260800
3234
1628090
549704288
18047817
1032600
1549881909
16400
2020
18247652
4
6864
247
13706
1192487
3683700
109861406
179149488
2356941168
1
54498912
5735320
159180
17273
39366
6318
60
3771
2278964072
246260
106502
262856
2503798
3984
12
32565
19915443
710
700
35
11536
69519
33396
171892
29815
73465821
504
8
361774
4185709
22689
11935
271
62360574
20357520
4702000286
15636195
4962096
1690905700
2100892872
2315
247783
133712546
705
310
292134
1
1196
26683146
2135683
2188830
14691
33329705
344197
11
44
217
42
9
96600
160653189
2433908440
9367
272034
189
2306
1958670
798
5914335
1426
53404
134502957
1770
3036
210
21896
701044850
12988
278993
23860200
1064
18207
9035880
3956940
3422
180
18
9576
5593
70153
114580
219
5657025
215
1710660
138600
2387793380
250025
1612
533439549
14483648200
4053404
7
8
6960
279444
69312
6009005037
469712
1
197340
33547351
6
5780495
7758712
2277354
2450990
364
17
4002
6310
8055960
728450
168
5847787
30015
852
4190634
11244
17854000
17955
1095600
6
47592
462
420205
545356
8549
41990
292
46
63
22184
1452568
27729
382690
18567482
18
1954
1908540
7689497199
2738
30206315672
840
477176
56
13695
46
2217112875
28616600
392
10491
47906224
183148
708721488
2355850
5126955
53505
1010594070
328372
29440
385760
13010
51410
1
9383814
2223133464
370598
11046448
2082588713
2
18911088
1325712
138
1444300
14544
268544472
4
662744618
87296
3564
1700
1675940
972296
1524798
21150
85878295
25399137468
432334
351324
64177402
210
3364632
82175
1232
6
10536
860528240
150
529254
227171140
35665
132
261234
438696
459750
20
16227120
1454355
23422
16099183
6954875473
3236961
13878425600
6
509046
28
3123456
258664
2541
40321164422
1992468
26300
14184
53262
3
3225387
105624432
774
79
9574086
106812
230
32640
230044
123422
56
57078
752556
182
35920
3240
763500
55515
279920844
12
522150
2118708
100386
26130
3920
144
443744
115101
780808
18111500
20304
132671
26000
4725
118995
176712760
8421
668967
454491
7
75635
6
78344
136648
681428
24777975
33288
1
957
276
43134
706237
15660
416904192
993192
2934
12409451522
12790366
561048
128519175
33604512
304065
36269694
5909
40645
1
11809764
14
1056027
25888140
107298975
860
26633475
93672
12306
102704
50875544
188361
29396556
748129500
556392
2380
328774
24
33063
14224730
1638483
378
25774655
1360
15136
237850
9312
29565
93568068
164
29564423744
28939
184
21182550
51018
23
200070
374220
44
1453956
3409
225327312
14483080
90275
368753
423
827920
81448
1839
19011
667096584
160
213665431
56520
5953392
477802
50267
669645
16
48179835
362500413
29529
414868
3943226400
104321920
144
1977850
231
15417610
105
69316
682
75
7846210
3470302536
84591000
1026228
56952
1091
952
947831430
214
20452822
11518
9
1276
178825
180332208
6464060
7
98647773210
9162167
13
160015646568
1656
1
298008
1297738
12846870
228652032
5422578
129464
8224
110748
28032837
1094142
33711942
274253
1106784
126
28
2565535
16226
44836
5873010
964982
9180270
26723584
178524
162357
3388
22821388
3826144
26002432
180402
186473
20439
24504
139764286
3853500
79712
28210
497502
174
2590
2
48239898
80073
1970191872
120006
7720
666
2649
79147
43314354720
21833050
1018808
7281
597042
320667
68162
97925271
938412861
5
6044
115698944
49604555
2255066
196
546693294
1852416
1779673
793944
82920220
3304
51
137736627
24
821304
18706044
5662930
412
133452
34275
228525
24128
2206490
200888
4416
848965
168066
3784
2883
170818
6
120152073
4280
470
52812
43825
319936
54
13893672
63328246093
10769187
1657900
46517745150
3724877
1488560
612265269
128820
155014
11921300
8779944
93076
306
411364668
5011136
1092436
291
855414
1220
77726
383640
14563095840
1323
1541190
556416
3725775
3629
622748
170730000
2039121656
31568
67424830
1458
4874121
54820
65618000
93
2
1332
45160978
7161
13767381
540640762
82120
3
39510540
10046
604891833
394400
38
756616
8
3608
31
15015
1940
246030
32490038
1025423
1737
474
8
68768
5
24990
67681140
237
410352
132715355210
20027393
17746513
394403
16676604
1712
27
158912679
21
58
6072990
40092
1146366
33
588
12054
32
910322
24453
1995
94035
938600
183213030
23192
8910
301074
29146572
2097708
9420
24320
883995
2867628
369330
4698111
3952294
15366
32358
3392044
188
12735
95756
45541260
101609
759046
119054400
82590468
3

```
Expected Output:
```
249961726
1959115060
1381485
124286
4953528
80280
480
73370
9404413788
55916
197774
12598057890
880785
1544119850
925808
860
2
5231648
12213200
29074
4308525
218
585
1083302
38703097
31
2
339
1
6624500
11154
46165766292
455542290
770
340548
4354
484
461917016
12548800
192
137880
16
62446644
3804550720
941125
1637664
397908
40
4559445
192
6045560
904
819429784
993741
1582
1
1815
30426
4183272
2428
51612
5525
1751156
13936
177985
214044
840
5328
261
264818970
180
263403
3528
8055678
5481361776
64045685
35680
280
23725
247
9539468441
3400450
13122
342886
4240
8743648
1428
2
32163
8407666
58804
62550759
2548091
190
36269055
60
53250400
759348
236070
60
94860
8166600
997117520
60379
129168
41
819215847
558412
324600
32230
2081802450
236042910
967012740
151952
1892
114
10330
106947
2023944
25191593
7
987918
91516
3849984
75
757945683
6843
1820
37273627
3104
200760
925803
782772
14601
230595
4735649
1777860
798930
243
183956664
146309574
11123920
1833318
7198
2835
15120
61568
68607
635
2112461576
323
4110
252476
37228
48912
248
5264544
25158
21
45471384
2285764104
2994303208
4082484
41837016
119
95762344
7399
132164
3310
31537
26037800
1456686
1944
22821
9392771
24
8590110
238
92468
21
6
470
968
3718836913
1601964
1246130754
6353890560
17548
55
199800
6205980
5011215
268
375
1
53534
227048
285
40470462920
31797
1142622
105636
2805
2
3830176
4
6044
3
5026
27838
3
103161
16833
3950652
1208926
1030260
1348674
11
12825
192004
24660
15890
51654240
42606
11
494
4704
375437160
360230
214635
10234
24117
3977350
670280
1880
686392
168
1
263044320
21843934
18992919
2781919
727
36
1441906860
608823
17157616
600609456
12826814
5648122448
155
13748247306
1429463965
1449622
8548608
324366
31977
6254
465192
19663296
299940
18
229827
469170522
347155636
931446
1792
16
409084848
4950
47439
11095855
394600
34887168384
144048
6
307720
1960
428
13843004
1890
16
88882398
11072100
26342277915
258696
662130012
16484
112
4774
211
17979880
4084096
20373913062
457080
8856
741478
602
25518460
17583
23348
1696
2721294
944
26622456225
966322
302756936
337972690
16803448
23556
3156
1320
3283134
66111
2249586696
13784
8446284
26616
2545
22256
121513
10426
1854797408
5376590208
788540
4
3510
1422
38474154
226380
12
38160
357821256
2379
1153161
6489207465
12
51
11
245
22935
28
1548098
1721710
12454650
1352287
2718848
63752
1392
13887942
102621376
67731864
3878728084
1
93993
518580
217437
430
10967176
8262
1590
106
348852
208902
613752953
640
19679
46257456
42872
116877
3786
66269
89908
4506889
540
1043936
4694040
1810
47702
6266272
5443
4539
2
14600705
590811
71840
113894
8
4905
72
1884557877
3211
8619246
405916
36772
44550
30805
65156
187
1362
1468500
147380
189702720
53920
13224321
7187102
610
9196071
157480
677
4
4377785
3409
1014
19
1040368
25
307824
469364776
6
1066107
677424
102
10139294
1542
1236
154
7
15120
687660
15
46121
57630
81947
60242
34144
6288
6315969
5712
3
588
58732
19219132
6598
147016
4044
120246
2015607
25915854
17701635
20575726
618311053
969720
3700080
10018326
405392
10496
187788
15003
7
36
407094
2973221024
113045
2615008
1596
587
6792
346583524
103632
175
254358
2079
425586
248364
144585520
398750310
858417
2352
3
50358
2061828
709973
78
6770
129388
258296
269360
3126
20
41558336
54194589
222432
5133350
224615280
46320
649
9336
34549
14973
55245840
26
144
8200
49323384
1750
149009710
573950
48936
1205664
4
889902
28698162
672
620776
529
99684
14707
3532738820
111
2418832
184072
313209
15132
1836
2
366639
4
115918750
108508
1068
71835
2531676600
4020
12
1
472530747
65004770
244702714
165
60224710
129450
42400
21014
143203200
4060
294855
228496
606000
4
7300
544
12313
1042176
3500
31344
10
3514896
32148930
53641
1280
47726
22385
1215071
8196352
135
7650
27853380
3475092
85739
12034944
12773
852223
119004
21154
2744
8206
115248178
2772029
672
46020
4232538
228403
1928
1676304
1
5693409429
40950
2312
740
96698
539748
23476508
2442
67151
52734
112
15952200
14098941
260
4016
546560
12803
36981
1970
762
1812631
11660
71790
90260800
869
1628090
549704288
18047817
1032600
1549881909
16400
2020
8432242
4
6864
247
3200
1192487
3683700
68141400
179149488
2356941168
1
54498912
5735320
159180
17273
39366
6318
60
3771
2278964072
246260
106502
262856
2503798
3984
12
32565
19915443
710
700
35
11536
69519
33396
171892
29815
73465821
504
8
361774
4185709
22689
11935
271
62360574
20357520
4702000286
6943735
4938330
1690905700
483702978
2315
247783
133712546
705
310
292134
1
1196
7604784
2135683
2188830
14691
33329705
344197
11
44
217
42
9
96600
160653189
2433908440
9367
272034
189
2306
997218
798
5914335
1426
53404
134502957
1770
3036
210
19136
281621556
12988
67560
23860200
1064
18207
9035880
3956940
1953
180
18
9576
5593
70153
114580
219
5657025
215
1710660
138600
2387793380
250025
1612
533439549
14483648200
4053404
7
8
6960
279444
69312
6009005037
469712
1
197340
33547351
6
5780495
7758712
2277354
2450990
364
17
4002
6310
8055960
728450
168
5847787
30015
852
4190634
11244
17854000
17955
1074927
6
47592
462
420205
50384
8549
41990
292
46
63
22184
1452568
27729
46476
18567482
18
1954
1908540
7689497199
2738
30206315672
840
477176
21
13695
46
2217112875
28616600
392
10491
47906224
183148
708721488
731936
5126955
53505
1010594070
328372
29440
385760
13010
51410
1
9383814
2223133464
370598
11046448
2082588713
2
18911088
1325712
138
1444300
14544
268544472
4
662744618
87296
3564
1700
1675940
916692
1524798
21150
85878295
25399137468
432334
351324
64177402
210
398760
82175
1232
6
10536
860528240
150
529254
227171140
35665
39
261234
352671
422440
20
16227120
1454355
23422
16099183
6954875473
3236961
13878425600
6
509046
28
3123456
258664
2541
40321164422
1992468
26300
7005
53262
3
3225387
73573695
774
79
9574086
106812
230
32640
230044
111726
56
57078
752556
182
35920
175
763500
55515
279920844
12
522150
1437250
100386
26130
3920
144
443744
115101
780808
18111500
20304
132671
26000
4725
118995
176712760
8421
668967
454491
7
75635
6
78344
136648
681428
7572208
22799
1
957
276
43134
706237
15660
416904192
993192
2934
12409451522
895770
561048
128519175
14940384
257840
36269694
5909
40645
1
11809764
14
1056027
25888140
107298975
860
26633475
93672
12306
102704
50875544
188361
29396556
748129500
439649
2380
328774
24
8568
14224730
1638483
378
22425214
1360
15136
237850
9312
29565
93568068
164
29564423744
28939
184
21182550
51018
23
200070
374220
44
1453956
3409
225327312
14483080
90275
368753
423
827920
81448
1839
19011
667096584
160
213665431
56520
5953392
133408
50267
669645
16
48179835
362500413
29529
414868
3943226400
24248448
144
1977850
231
15417610
105
69316
682
75
7846210
3470302536
84591000
1026228
56952
1091
952
947831430
214
20452822
11518
9
1276
178825
180332208
6464060
7
98647773210
9162167
13
160015646568
1656
1
298008
1297738
12846870
228652032
5422578
129464
6214
110748
28032837
1094142
33711942
274253
1106784
126
28
2565535
16226
44836
5873010
964982
9180270
26723584
178524
162357
3388
22821388
3826144
26002432
180402
186473
20439
24504
139764286
3853500
79712
28210
497502
174
2590
2
48239898
80073
1970191872
120006
7720
666
2649
79147
43314354720
21833050
1018808
7281
517472
320667
68162
86018914
938412861
5
6044
115698944
49604555
2255066
196
546693294
1852416
1779673
793944
82920220
3304
51
64500972
24
821304
18706044
5662930
412
133452
34275
228525
24128
787752
200888
3213
848965
85943
3784
2883
170818
6
120152073
4280
470
52812
43825
319936
54
2668080
63328246093
10769187
1657900
46517745150
3724877
227040
612265269
68785
155014
11921300
8779944
93076
306
411364668
5011136
556936
291
855414
1220
77726
383640
14563095840
1323
1541190
556416
542092
3629
622748
170730000
2039121656
31568
67424830
1458
4874121
54820
65618000
93
2
728
45160978
7161
10751106
540640762
82120
3
6918310
10046
604891833
360240
38
756616
8
3608
31
15015
1940
246030
32490038
1025423
1737
474
8
68768
5
24990
67681140
237
410352
132715355210
10378857
17746513
394403
16676604
1712
27
158912679
21
58
6072990
40092
1146366
33
588
6160
32
910322
24453
1995
94035
404396
94073200
23192
3102
301074
29146572
2097708
9420
24320
883995
2867628
369330
4698111
3952294
15366
32358
3392044
188
12735
95756
45541260
101609
450534
119054400
82590468
3
212472
879989540
677866883
12381
11132280
128780
1851
```
Error Analysis: Line 11: Got '2063236', Expected '197774'
Line 22: Got '272', Expected '218'
Line 23: Got '627', Expected '585'
Line 24: Got '1323504', Expected '1083302'
Line 37: Got '568', Expected '484'
Line 38: Got '2061281082', Expected '461917016'
Line 41: Got '783624', Expected '137880'
Line 47: Got '1831568', Expected '397908'
Line 54: Got '1073538', Expected '993741'
Line 61: Got '132405', Expected '51612'

### Your Task
Fix the C++ code to pass ALL test cases (including hidden ones).

### Critical Guidelines
1. Focus on algorithmic correctness - NO hard-coded values or special cases
2. Ensure proper data structures and complexity (aim for O(N log N) or better when possible)
3. Handle edge cases (empty input, single elements, max constraints)
4. Use standard C++20 features; avoid non-portable code

### Output Format
Provide ONLY the complete fixed C++ code in a single ```cpp block.
