81104715
87717313
48702720
21943516
24630826
28679392
60806289
40299857
57167540
129281941
65300480
110619804
87823303
40303505
163637590
20695087
101338196
119675218
66508962
14192136
94585262
11369116
16546425
54278457
16814056
73714284
50936796
88630791
58347654
55294738
92044478
78695890
84893994
12212758
147329403
35431604
16385994
163600322
85059679
12079313
4434126
78700723
47872254
31659835
62797938
116521936
57229840
114812227
8262800
21859855
147573995
19767777
66816223
26246170
270015
33706117
26267876
82127188
87974047
10070772
6540700
107190421
2326841
118474916
97700193
100419163
37182631
16111337
105906576
19260664
78957982
40488751
65555338
114385527
23869802
45044489
59546087
118944202
90879393
67892897
2678996
107474357
41672038
101632
52950026
64346651
28072600
50464420
34378697
168156243
115636893
20373169
122287320
43952267
47180870
39436255
46933964
63634148
42098951
63947560
2130657
55579239
9309216
31548152
78060098
51504928
177811037
106240925
20534205
163929576
147697593
69071330
388157
89486288
63607040
44238851
10045968
97338532
52037655
31366914
19154026
13924450
72579133
127873353
37258017
25695786
97808091
18008697
26763056
162826859
69825604
32854340
180045459
109595658
139749813
82008380
118611683
34193120
10399508
54946914
12228371
86007845
59444235
76622422
164047714
106740355
95721289
89648802
101783889
19034938
161722798
7974848
123495915
21954570
84512782
182313319
116161004
81868804
104688540
8934179
17684695
67485432
18862939
44565903
30603993
146113776
48847876
30302678
63517941
5766160
56053788
125178067
151216098
113082698
40486928
83621399
115306430
19829798
94992422
32462454
131717565
29447581
21127042
68478703
81717338
3684691
6441092
2942024
116429936
159827312
27100324
65248857
106589480
67535816
73955381
49458063
135220376
25863789
106774474
3974537
14891321
133402597
46281453
91343496
27760970
6076785
71087296
12012827
64534175
105864403
20970528
160463735
40769707
62312228
111503384
14580637
38567274
85191343
149839208
77745924
70751313
31731275
98771837
50277325
97721146
130592019
25260419
55964583
16986768
39510198
25248690
102143826
78791320
124204406
100400519
37528054
1415868
32049370
8515954
32027044
51642857
95303606
8714706
17331684
8297597
127191417
118705946
63786509
28710328
21504721
43750084
13898207
12937389
54316837
84504027
90843464
52027232
42099041
68581037
118583927
6480603
156357065
52952090
104935747
108950010
23878789
41963282
108368396
16059496
100343523
62006982
12480802
60552010
77557300
4449852
3280588
70357174
90077224
59784865
103413859
89989622
21473732
137146827
47687429
11570459
9247069
13218916
89324587
130311169
56960534
98803347
54489884
110540706
93871563
93765517
38500554
2288319
157907515
137274559
110339244
181210822
109245559
26996383
78798616
121851491
65636003
171209768
16185517
5101277
96392407
121082779
94062436
100163370
12170859
138696625
108182549
32894614
54032888
144958587
67112069
25693331
176498715
99333672
51137507
55587914
76806922
123904917
118960698
128940536
98579406
141304700
57731315
133027908
78758057
12725297
161290898
46608761
31532518
106767629
84832916
90475676
95986535
22791485
128531483
113170164
18780959
12332045
11325384
12614554
53003844
92390275
147614486
18605342
141962987
42275079
122365751
91399882
137124548
58207529
55501572
32344737
50217426
63648860
125127403
7005730
13716041
22027673
124175340
79023013
112632926
23017411
52144959
12448637
89735620
115980413
13090574
86758153
94629975
27088329
49909060
55052969
19178042
50547218
88004233
53308911
102967235
26401102
171486835
29585012
55789348
35786204
35589539
27447331
35915091
78687800
87980315
76053412
15831529
71524761
49226157
34816572
88532666
40188997
48346293
323481
131033239
120886412
96813055
36293112
159898093
22144651
3494825
175844606
46709896
58913733
57183547
125329301
28494145
24130264
135094417
8372309
63369796
149574604
101377279
89127436
61151402
113286564
146120733
125990989
40922072
143769324
67065634
187261860
20225943
31533193
72599591
101364203
120288182
14371208
40666092
30785110
114991200
67995156
65207691
12156675
80372097
54060736
27738068
118971335
71938411
123037
149496737
2485868
19632152
957335
35589570
157196027
50211159
102305417
76504211
20811058
32913948
9567821
69042254
64784249
8569608
14143948
100143704
71123711
158982924
53351719
64639834
52461341
45242171
96368271
93639929
43707191
21295170
54441748
103805621
83185983
133656024
12530289
102659711
11540081
32726860
159533210
60372876
52513109
31806072
53517305
130455306
64697503
4654809
36859748
138308929
103532444
108100570
40849956
10242808
114923292
123573572
14382137
97570821
71284332
34349072
843009
10685528
137995313
20744344
115206370
69576452
26378407
90265402
22970943
90098107
59079056
430299
21445934
66290009
143163969
136956518
89049091
122607095
1502241
69286222
2950038
93910656
85121821
11351494
46148532
19910130
87523429
70797154
31968041
41151245
25456249
27414864
109842566
13395325
50155120
42524965
98859412
63432326
9026716
53775588
48322368
168704981
17674116
85196289
38749925
11403434
118228506
123893324
19195254
32865125
30732324
53999618
29641116
81257141
21799367
7032460
40228017
55451828
94000406
12082615
15258119
104211353
115243002
164781090
92703742
21865840
9903431
81084474
49819890
150713531
113002549
136609176
12640044
6047211
32125284
11534708
125871392
68954227
7885749
36145120
37909966
45525974
84465504
40420371
14063163
97131190
118938528
26142760
146793658
93814618
7779620
10560305
55777986
58819102
108278772
84075558
99821981
21244950
8610929
36852144
43131060
68840826
19736754
82399648
64246881
50956788
47233483
35516466
143167282
66836142
46674690
151644255
111503818
55524782
20765542
28327666
54346827
76157419
3228265
139927299
1133115
68736049
74630357
143508470
107736122
24032090
112897504
18772942
102976450
12660640
40353103
106785271
20676940
64795802
60121471
66716685
6562876
116867442
38456063
153050702
108386565
12855919
28284180
48531578
109980218
32234398
33118902
69114125
45858023
115269773
105902723
32723504
10134195
122316234
64309456
37192132
76057570
162301108
5894108
47973445
27943587
37088323
35740690
111513474
143919676
58354952
23995872
10527797
51952856
55480389
57637577
154879698
54715065
51570230
125744738
154319126
452321
70869641
153641237
132093318
30288345
31910180
77064557
68261229
8857672
48196683
6428694
7721577
57127850
42172019
78349796
21635260
63313597
47363216
48606937
34929444
85000515
81129589
80734613
38317902
26492629
53586095
26356372
59625417
95305125
73957705
16745115
17873632
37928010
145264388
128464114
91914987
7143408
34835938
70621294
15440400
38651010
43444085
42197675
157238725
72995564
79690540
96487155
179726169
35783991
61098246
102801907
57333370
1553473
9151766
127237878
11408252
90251539
57290738
9816490
6621890
7919465
15058313
109754926
68362043
69311482
32640515
98916459
143717181
68334465
65650377
87041520
91996999
158040630
190192950
80239186
96124715
77149026
103829152
107814793
15251319
28454322
7826193
148827016
46249107
42087815
21780798
24948520
21724098
1583041
22482242
79852837
52581908
32003351
13666892
105875
16555732
139650143
147754376
31556711
161567796
16820878
39495965
69438127
150683365
119784167
54490262
2892190
103852158
169872929
12757661
135592341
86444309
97841324
92272492
106719173
63834994
107594833
14452676
15805699
43210303
15268557
8768797
8106115
106610363
102018880
117469505
139614073
151952860
122091863
27114882
77107764
84997197
29000430
125101697
16001176
48071936
67308021
19355381
9416141
54792930
69372904
45224281
51406866
27270143
13259717
70365569
70123389
53397410
42763103
25594607
119498912
168993958
46865693
52772149
29147601
52025073
58695862
176949607
63585893
7601440
6562818
81948020
54227038
60029297
67531536
115702906
32620022
12288818
90920278
51053499
55130183
145572898
27700177
71079318
76917214
74160702
65485303
24558131
21137848
64282115
12868727
116010601
147664409
172918739
37040215
12595577
56037442
79765949
1083388
150270329
168148275
98089517
133055102
33849386
6788925
136213637
82061643
145928247
70509530
22919880
98034430
59547156
1888553
969927
85489648
43548495
12376087
118371450
42091480
112733719
127221838
2181218
88639704
12